120
1 2
1 4
1 5
1 6
1 7
1 11
1 18
1 20
1 21
1 23
1 24
1 25
1 27
1 28
1 32
1 34
1 36
1 37
1 39
1 40
1 41
1 42
1 44
1 45
1 48
1 53
1 55
1 60
1 61
1 63
1 64
1 66
1 67
1 73
1 74
1 76
1 78
1 79
1 80
1 81
1 83
1 84
1 86
1 87
1 88
1 90
1 91
1 94
1 97
1 98
1 101
1 105
1 108
1 109
1 110
1 111
1 114
1 115
1 116
1 120
2 4
2 5
2 10
2 13
2 14
2 16
2 17
2 18
2 20
2 24
2 25
2 30
2 31
2 32
2 33
2 36
2 40
2 44
2 45
2 46
2 47
2 51
2 52
2 53
2 54
2 59
2 61
2 62
2 63
2 64
2 65
2 69
2 70
2 72
2 73
2 74
2 75
2 78
2 79
2 86
2 87
2 89
2 90
2 92
2 93
2 94
2 99
2 102
2 104
2 105
2 107
2 110
2 111
2 113
2 115
2 118
2 119
2 120
3 4
3 5
3 7
3 10
3 12
3 13
3 15
3 20
3 21
3 22
3 23
3 26
3 29
3 30
3 31
3 32
3 34
3 35
3 36
3 37
3 40
3 41
3 42
3 47
3 48
3 49
3 50
3 54
3 55
3 56
3 61
3 62
3 63
3 64
3 67
3 68
3 69
3 70
3 74
3 75
3 77
3 78
3 81
3 84
3 86
3 91
3 94
3 97
3 99
3 101
3 102
3 105
3 106
3 109
3 111
3 112
3 113
3 115
3 118
4 7
4 9
4 10
4 11
4 12
4 15
4 16
4 19
4 22
4 23
4 27
4 28
4 30
4 31
4 32
4 33
4 34
4 36
4 37
4 38
4 39
4 42
4 43
4 46
4 47
4 48
4 49
4 52
4 54
4 55
4 56
4 58
4 61
4 62
4 63
4 64
4 71
4 72
4 73
4 76
4 82
4 84
4 86
4 87
4 89
4 90
4 91
4 92
4 93
4 94
4 95
4 96
4 97
4 98
4 100
4 101
4 102
4 105
4 107
4 108
4 110
4 114
4 115
4 117
4 120
5 6
5 7
5 10
5 11
5 12
5 14
5 15
5 17
5 19
5 21
5 22
5 23
5 27
5 28
5 30
5 31
5 32
5 34
5 35
5 37
5 39
5 40
5 41
5 44
5 46
5 47
5 48
5 50
5 51
5 52
5 56
5 57
5 59
5 60
5 63
5 64
5 65
5 69
5 70
5 71
5 72
5 73
5 74
5 75
5 76
5 77
5 80
5 81
5 82
5 85
5 86
5 88
5 90
5 91
5 92
5 93
5 94
5 97
5 98
5 99
5 102
5 104
5 106
5 110
5 115
5 116
5 117
5 119
6 7
6 10
6 11
6 15
6 16
6 18
6 23
6 25
6 28
6 31
6 32
6 34
6 35
6 38
6 39
6 40
6 41
6 42
6 44
6 46
6 52
6 59
6 60
6 61
6 66
6 67
6 68
6 69
6 70
6 71
6 73
6 76
6 77
6 78
6 79
6 80
6 81
6 85
6 91
6 92
6 93
6 95
6 96
6 99
6 104
6 106
6 109
6 110
6 111
6 112
6 113
6 114
6 115
6 116
7 8
7 13
7 20
7 21
7 22
7 24
7 25
7 26
7 27
7 28
7 29
7 31
7 32
7 33
7 37
7 39
7 42
7 43
7 45
7 50
7 53
7 54
7 55
7 56
7 57
7 59
7 60
7 61
7 63
7 65
7 67
7 70
7 71
7 74
7 75
7 76
7 77
7 78
7 79
7 81
7 83
7 84
7 87
7 89
7 90
7 91
7 97
7 99
7 100
7 102
7 107
7 108
7 109
7 117
7 119
8 10
8 12
8 15
8 18
8 19
8 23
8 26
8 27
8 31
8 32
8 36
8 37
8 38
8 40
8 42
8 43
8 44
8 45
8 48
8 53
8 55
8 58
8 60
8 63
8 65
8 67
8 69
8 70
8 72
8 73
8 74
8 78
8 79
8 81
8 82
8 83
8 84
8 85
8 86
8 92
8 93
8 94
8 97
8 98
8 100
8 102
8 105
8 108
8 110
8 111
8 114
8 115
8 119
8 120
9 11
9 12
9 17
9 19
9 20
9 21
9 22
9 27
9 28
9 31
9 36
9 39
9 40
9 41
9 42
9 43
9 45
9 46
9 48
9 49
9 50
9 51
9 52
9 57
9 58
9 62
9 67
9 68
9 71
9 72
9 74
9 75
9 76
9 79
9 80
9 85
9 86
9 88
9 89
9 90
9 91
9 92
9 93
9 95
9 104
9 106
9 108
9 110
9 112
9 113
9 114
9 115
9 116
9 120
10 12
10 13
10 14
10 16
10 19
10 20
10 21
10 23
10 24
10 25
10 26
10 27
10 29
10 30
10 35
10 36
10 40
10 41
10 43
10 46
10 49
10 51
10 52
10 53
10 54
10 56
10 61
10 66
10 69
10 70
10 71
10 73
10 75
10 78
10 81
10 86
10 87
10 88
10 89
10 91
10 92
10 93
10 94
10 95
10 100
10 101
10 103
10 107
10 108
10 112
10 113
10 116
10 118
11 13
11 18
11 19
11 21
11 26
11 27
11 28
11 29
11 31
11 32
11 36
11 37
11 38
11 39
11 42
11 46
11 50
11 54
11 56
11 58
11 59
11 61
11 62
11 63
11 65
11 66
11 67
11 68
11 69
11 72
11 76
11 77
11 78
11 81
11 84
11 85
11 87
11 88
11 89
11 90
11 91
11 92
11 93
11 94
11 96
11 97
11 98
11 100
11 101
11 102
11 105
11 106
11 107
11 108
11 109
11 111
11 115
11 117
11 118
11 120
12 13
12 15
12 16
12 17
12 18
12 19
12 20
12 21
12 25
12 26
12 28
12 29
12 30
12 32
12 35
12 38
12 40
12 41
12 45
12 48
12 49
12 50
12 53
12 55
12 60
12 61
12 62
12 64
12 65
12 69
12 70
12 73
12 74
12 76
12 77
12 78
12 80
12 83
12 84
12 86
12 89
12 92
12 94
12 95
12 97
12 99
12 104
12 105
12 106
12 108
12 109
12 110
12 112
12 113
12 116
12 117
13 14
13 15
13 17
13 19
13 20
13 21
13 22
13 23
13 24
13 27
13 28
13 34
13 36
13 38
13 40
13 41
13 42
13 45
13 46
13 48
13 54
13 58
13 59
13 60
13 64
13 65
13 66
13 67
13 69
13 71
13 75
13 81
13 82
13 86
13 87
13 88
13 91
13 93
13 97
13 100
13 102
13 107
13 108
13 109
13 110
13 111
13 114
13 117
13 118
14 15
14 18
14 19
14 21
14 23
14 24
14 28
14 29
14 32
14 35
14 36
14 37
14 38
14 39
14 42
14 43
14 44
14 45
14 46
14 47
14 51
14 52
14 53
14 56
14 58
14 60
14 63
14 67
14 69
14 74
14 75
14 77
14 80
14 81
14 89
14 90
14 91
14 92
14 98
14 100
14 102
14 106
14 109
14 112
14 113
14 114
14 115
14 116
14 120
15 17
15 18
15 19
15 20
15 30
15 31
15 32
15 36
15 38
15 39
15 41
15 43
15 46
15 47
15 49
15 50
15 51
15 52
15 54
15 55
15 57
15 59
15 60
15 62
15 66
15 67
15 70
15 73
15 74
15 75
15 76
15 77
15 80
15 81
15 82
15 85
15 86
15 87
15 89
15 90
15 94
15 97
15 99
15 100
15 102
15 103
15 106
15 110
15 112
15 113
15 114
15 116
15 117
15 118
15 119
15 120
16 18
16 20
16 21
16 22
16 24
16 27
16 28
16 30
16 31
16 32
16 34
16 36
16 38
16 39
16 40
16 42
16 44
16 46
16 49
16 50
16 54
16 55
16 56
16 57
16 60
16 62
16 64
16 68
16 69
16 70
16 73
16 77
16 78
16 79
16 83
16 85
16 87
16 90
16 92
16 94
16 95
16 98
16 99
16 100
16 102
16 104
16 106
16 107
16 108
16 112
16 113
16 114
16 115
16 117
16 118
17 18
17 19
17 22
17 23
17 24
17 25
17 26
17 27
17 29
17 32
17 33
17 35
17 36
17 37
17 38
17 39
17 40
17 41
17 45
17 46
17 48
17 51
17 56
17 57
17 61
17 65
17 66
17 69
17 71
17 73
17 75
17 78
17 80
17 82
17 83
17 86
17 88
17 90
17 94
17 95
17 97
17 102
17 103
17 104
17 105
17 109
17 112
17 113
17 114
17 116
17 118
18 19
18 20
18 22
18 25
18 26
18 28
18 29
18 31
18 33
18 34
18 35
18 36
18 37
18 40
18 42
18 43
18 44
18 47
18 50
18 55
18 56
18 58
18 59
18 64
18 67
18 68
18 73
18 74
18 78
18 80
18 81
18 85
18 86
18 87
18 89
18 91
18 95
18 98
18 99
18 104
18 106
18 108
18 110
18 112
18 113
18 114
18 115
18 116
18 117
18 118
18 119
19 23
19 27
19 29
19 31
19 32
19 36
19 37
19 38
19 41
19 42
19 43
19 46
19 47
19 48
19 49
19 50
19 53
19 54
19 57
19 58
19 60
19 61
19 62
19 65
19 66
19 70
19 74
19 78
19 80
19 82
19 83
19 85
19 88
19 90
19 91
19 94
19 95
19 97
19 100
19 101
19 102
19 105
19 107
19 108
19 109
19 112
19 114
19 115
19 116
19 117
19 118
19 119
19 120
20 21
20 22
20 23
20 25
20 31
20 33
20 34
20 36
20 38
20 39
20 43
20 46
20 48
20 49
20 54
20 58
20 59
20 62
20 64
20 65
20 66
20 67
20 70
20 71
20 74
20 75
20 76
20 77
20 78
20 79
20 81
20 84
20 85
20 86
20 88
20 89
20 90
20 91
20 94
20 98
20 99
20 101
20 105
20 106
20 107
20 110
20 111
20 112
20 115
20 116
20 118
20 120
21 23
21 26
21 28
21 29
21 31
21 33
21 34
21 35
21 36
21 37
21 38
21 41
21 43
21 45
21 47
21 48
21 50
21 51
21 52
21 55
21 58
21 59
21 62
21 65
21 66
21 68
21 75
21 76
21 80
21 81
21 82
21 83
21 84
21 85
21 89
21 91
21 92
21 93
21 97
21 99
21 100
21 102
21 103
21 104
21 107
21 109
21 110
21 113
21 114
21 117
21 119
21 120
22 24
22 25
22 26
22 27
22 28
22 29
22 35
22 36
22 37
22 38
22 41
22 42
22 43
22 44
22 47
22 49
22 50
22 51
22 53
22 57
22 58
22 60
22 61
22 62
22 64
22 66
22 67
22 69
22 70
22 71
22 73
22 75
22 76
22 77
22 78
22 83
22 84
22 85
22 90
22 94
22 96
22 98
22 100
22 103
22 107
22 110
22 111
22 112
22 114
22 119
23 26
23 28
23 29
23 32
23 37
23 40
23 43
23 45
23 46
23 49
23 52
23 55
23 58
23 59
23 61
23 62
23 66
23 67
23 73
23 74
23 75
23 78
23 79
23 82
23 86
23 87
23 89
23 91
23 92
23 93
23 94
23 95
23 97
23 98
23 99
23 100
23 102
23 103
23 104
23 107
23 108
23 109
23 110
23 111
23 115
23 119
24 25
24 29
24 30
24 31
24 33
24 36
24 37
24 38
24 39
24 41
24 44
24 46
24 47
24 48
24 49
24 51
24 55
24 56
24 61
24 62
24 66
24 67
24 69
24 70
24 76
24 77
24 84
24 85
24 86
24 88
24 90
24 91
24 93
24 94
24 96
24 100
24 102
24 103
24 106
24 107
24 108
24 109
24 112
24 113
24 114
24 116
24 118
24 119
24 120
25 26
25 27
25 30
25 32
25 34
25 35
25 36
25 38
25 39
25 40
25 46
25 50
25 51
25 53
25 55
25 56
25 58
25 60
25 64
25 65
25 67
25 68
25 69
25 71
25 72
25 73
25 74
25 80
25 81
25 82
25 83
25 90
25 92
25 95
25 96
25 97
25 99
25 102
25 105
25 108
25 110
25 111
25 112
25 115
25 116
25 117
25 118
25 119
26 27
26 29
26 31
26 32
26 33
26 34
26 35
26 36
26 37
26 38
26 42
26 43
26 45
26 46
26 51
26 52
26 53
26 54
26 55
26 56
26 58
26 59
26 66
26 67
26 69
26 70
26 71
26 72
26 76
26 82
26 83
26 88
26 91
26 92
26 94
26 98
26 99
26 100
26 101
26 103
26 105
26 112
26 113
26 114
26 115
26 117
26 118
26 119
27 30
27 34
27 35
27 36
27 39
27 43
27 47
27 52
27 56
27 58
27 61
27 63
27 65
27 69
27 70
27 72
27 73
27 74
27 78
27 80
27 81
27 83
27 84
27 86
27 87
27 88
27 93
27 96
27 99
27 100
27 102
27 103
27 108
27 110
27 111
27 112
27 113
27 114
27 116
27 117
27 119
28 30
28 35
28 42
28 44
28 46
28 47
28 48
28 55
28 57
28 61
28 67
28 72
28 73
28 74
28 76
28 79
28 80
28 82
28 85
28 86
28 87
28 90
28 93
28 95
28 97
28 99
28 100
28 102
28 104
28 106
28 107
28 109
28 110
28 111
28 114
28 115
28 118
29 32
29 33
29 34
29 35
29 38
29 39
29 45
29 46
29 47
29 50
29 54
29 57
29 58
29 60
29 62
29 63
29 67
29 69
29 70
29 72
29 74
29 75
29 76
29 77
29 86
29 87
29 91
29 94
29 95
29 97
29 98
29 100
29 101
29 104
29 109
29 111
29 113
29 118
29 119
30 32
30 35
30 36
30 37
30 39
30 40
30 41
30 42
30 45
30 47
30 48
30 52
30 53
30 54
30 55
30 56
30 58
30 59
30 64
30 66
30 70
30 71
30 73
30 74
30 75
30 79
30 85
30 87
30 90
30 93
30 94
30 96
30 97
30 100
30 101
30 105
30 107
30 108
30 109
30 113
30 114
30 115
30 118
30 119
30 120
31 37
31 38
31 40
31 41
31 42
31 44
31 47
31 48
31 50
31 52
31 55
31 56
31 57
31 58
31 59
31 60
31 62
31 63
31 68
31 72
31 74
31 79
31 81
31 82
31 83
31 85
31 91
31 94
31 95
31 96
31 98
31 104
31 106
31 109
31 111
31 115
31 116
31 117
31 118
32 34
32 39
32 42
32 43
32 44
32 45
32 47
32 49
32 50
32 51
32 52
32 53
32 54
32 55
32 61
32 62
32 64
32 67
32 69
32 70
32 72
32 73
32 74
32 78
32 81
32 82
32 85
32 86
32 87
32 88
32 89
32 91
32 92
32 95
32 97
32 99
32 107
32 108
32 110
32 111
32 114
32 116
32 119
32 120
33 35
33 37
33 39
33 40
33 41
33 42
33 43
33 45
33 50
33 55
33 56
33 59
33 60
33 64
33 65
33 66
33 67
33 68
33 69
33 71
33 72
33 73
33 74
33 77
33 79
33 84
33 88
33 89
33 91
33 93
33 97
33 98
33 99
33 100
33 101
33 104
33 105
33 106
33 107
33 108
33 110
33 111
33 115
33 116
33 117
33 120
34 35
34 36
34 39
34 42
34 43
34 44
34 45
34 46
34 47
34 49
34 53
34 54
34 57
34 61
34 62
34 63
34 65
34 66
34 67
34 72
34 76
34 77
34 78
34 79
34 81
34 85
34 90
34 91
34 92
34 95
34 98
34 99
34 100
34 105
34 108
34 109
34 110
34 112
34 118
34 119
34 120
35 39
35 42
35 44
35 46
35 49
35 51
35 55
35 57
35 58
35 61
35 67
35 68
35 70
35 71
35 75
35 76
35 77
35 81
35 83
35 87
35 89
35 90
35 96
35 99
35 100
35 102
35 103
35 105
35 108
35 109
35 110
35 112
35 116
35 118
35 119
36 39
36 42
36 45
36 46
36 48
36 49
36 50
36 51
36 53
36 55
36 56
36 57
36 59
36 62
36 64
36 65
36 67
36 69
36 71
36 72
36 73
36 74
36 76
36 77
36 81
36 83
36 84
36 85
36 86
36 88
36 89
36 90
36 91
36 96
36 97
36 100
36 101
36 103
36 104
36 107
36 112
36 115
36 117
36 118
36 120
37 38
37 39
37 44
37 45
37 46
37 47
37 50
37 52
37 54
37 55
37 56
37 58
37 59
37 64
37 65
37 66
37 69
37 70
37 72
37 73
37 74
37 76
37 81
37 82
37 83
37 84
37 86
37 87
37 89
37 91
37 93
37 97
37 103
37 104
37 105
37 109
37 112
37 113
37 114
37 117
37 119
37 120
38 39
38 42
38 44
38 46
38 47
38 50
38 52
38 54
38 57
38 58
38 59
38 60
38 62
38 65
38 67
38 68
38 69
38 71
38 72
38 75
38 76
38 77
38 78
38 79
38 80
38 81
38 85
38 90
38 91
38 92
38 93
38 94
38 96
38 97
38 100
38 101
38 102
38 103
38 105
38 106
38 109
38 110
38 114
38 115
38 119
38 120
39 41
39 42
39 43
39 44
39 45
39 46
39 47
39 49
39 50
39 51
39 55
39 57
39 58
39 59
39 60
39 61
39 63
39 65
39 66
39 67
39 68
39 69
39 70
39 73
39 74
39 75
39 76
39 79
39 81
39 83
39 84
39 85
39 86
39 88
39 89
39 90
39 93
39 97
39 99
39 100
39 102
39 104
39 105
39 109
39 110
39 111
39 112
39 113
39 114
39 115
39 116
39 117
39 120
40 42
40 43
40 45
40 48
40 52
40 54
40 57
40 59
40 60
40 61
40 62
40 63
40 64
40 72
40 74
40 75
40 77
40 80
40 81
40 82
40 83
40 84
40 85
40 86
40 87
40 89
40 92
40 93
40 94
40 95
40 97
40 100
40 103
40 104
40 108
40 112
40 113
40 115
40 116
40 119
40 120
41 43
41 44
41 45
41 47
41 48
41 49
41 53
41 55
41 60
41 61
41 62
41 64
41 65
41 66
41 69
41 70
41 73
41 77
41 80
41 83
41 84
41 85
41 88
41 94
41 95
41 98
41 100
41 102
41 103
41 104
41 105
41 106
41 108
41 109
41 113
41 115
41 119
41 120
42 44
42 46
42 48
42 49
42 50
42 52
42 54
42 55
42 57
42 60
42 61
42 63
42 64
42 65
42 66
42 68
42 71
42 74
42 76
42 77
42 79
42 82
42 83
42 87
42 89
42 91
42 92
42 93
42 94
42 95
42 96
42 97
42 100
42 101
42 102
42 103
42 105
42 108
42 114
42 115
42 117
42 118
42 119
43 44
43 45
43 46
43 48
43 56
43 58
43 60
43 63
43 66
43 68
43 71
43 74
43 75
43 76
43 78
43 80
43 86
43 87
43 88
43 93
43 96
43 97
43 99
43 107
43 109
43 110
43 112
43 113
43 116
43 117
43 118
44 46
44 47
44 49
44 53
44 54
44 55
44 57
44 58
44 64
44 65
44 67
44 68
44 70
44 71
44 72
44 74
44 75
44 76
44 77
44 78
44 83
44 88
44 93
44 95
44 96
44 97
44 98
44 99
44 102
44 103
44 105
44 106
44 113
44 116
44 117
44 118
44 119
44 120
45 47
45 48
45 49
45 52
45 55
45 56
45 62
45 64
45 65
45 66
45 67
45 68
45 70
45 72
45 73
45 74
45 75
45 76
45 77
45 80
45 85
45 88
45 89
45 91
45 96
45 99
45 101
45 102
45 103
45 106
45 110
45 111
45 112
45 113
45 114
45 115
45 116
45 117
45 118
45 120
46 47
46 48
46 50
46 51
46 55
46 57
46 58
46 59
46 60
46 61
46 62
46 63
46 70
46 71
46 72
46 74
46 75
46 76
46 77
46 81
46 84
46 85
46 87
46 88
46 89
46 90
46 93
46 95
46 97
46 98
46 99
46 100
46 102
46 105
46 106
46 107
46 109
46 110
46 111
46 112
46 114
46 115
46 119
46 120
47 49
47 55
47 57
47 58
47 60
47 61
47 62
47 66
47 67
47 68
47 70
47 73
47 74
47 75
47 76
47 78
47 84
47 87
47 88
47 89
47 90
47 92
47 94
47 95
47 97
47 98
47 100
47 104
47 108
47 109
47 110
47 111
47 112
47 113
47 115
47 117
47 119
47 120
48 49
48 51
48 52
48 53
48 59
48 62
48 63
48 64
48 68
48 71
48 73
48 76
48 77
48 79
48 81
48 82
48 84
48 86
48 87
48 88
48 89
48 91
48 95
48 97
48 98
48 99
48 100
48 101
48 102
48 103
48 104
48 107
48 112
48 115
48 116
48 117
48 118
49 51
49 52
49 53
49 56
49 61
49 63
49 64
49 66
49 67
49 68
49 69
49 70
49 71
49 72
49 73
49 75
49 76
49 77
49 79
49 80
49 81
49 82
49 83
49 86
49 87
49 88
49 89
49 90
49 92
49 93
49 94
49 97
49 102
49 104
49 107
49 109
49 110
49 113
49 114
49 115
49 117
49 118
49 119
49 120
50 54
50 56
50 61
50 62
50 63
50 65
50 66
50 69
50 70
50 72
50 74
50 78
50 79
50 81
50 82
50 87
50 88
50 91
50 92
50 93
50 94
50 95
50 96
50 98
50 99
50 101
50 102
50 106
50 107
50 111
50 112
50 114
50 115
50 116
50 119
50 120
51 52
51 58
51 60
51 65
51 66
51 67
51 68
51 72
51 76
51 77
51 80
51 82
51 83
51 85
51 87
51 88
51 91
51 93
51 94
51 97
51 98
51 100
51 102
51 103
51 105
51 107
51 109
51 111
51 114
51 116
51 117
51 118
51 119
52 56
52 57
52 59
52 61
52 62
52 64
52 65
52 66
52 69
52 73
52 74
52 75
52 78
52 79
52 80
52 84
52 86
52 88
52 91
52 93
52 94
52 95
52 101
52 103
52 110
52 112
52 114
52 118
53 54
53 55
53 56
53 62
53 63
53 64
53 70
53 75
53 76
53 77
53 78
53 79
53 80
53 82
53 83
53 84
53 87
53 89
53 93
53 96
53 97
53 98
53 100
53 101
53 102
53 105
53 106
53 109
53 110
53 112
53 114
53 116
53 117
53 118
53 119
54 55
54 57
54 58
54 59
54 60
54 61
54 62
54 63
54 64
54 66
54 67
54 69
54 70
54 73
54 78
54 80
54 85
54 88
54 90
54 93
54 95
54 100
54 102
54 104
54 106
54 108
54 109
54 111
54 115
54 116
54 119
54 120
55 58
55 59
55 61
55 69
55 71
55 72
55 74
55 75
55 78
55 82
55 87
55 88
55 92
55 94
55 95
55 96
55 98
55 102
55 103
55 104
55 105
55 106
55 108
55 110
55 111
55 112
55 113
55 115
55 116
55 120
56 57
56 60
56 62
56 66
56 67
56 68
56 69
56 70
56 72
56 74
56 75
56 77
56 79
56 89
56 90
56 92
56 94
56 95
56 97
56 98
56 100
56 102
56 105
56 106
56 108
56 109
56 110
56 113
56 114
56 116
56 119
56 120
57 58
57 60
57 61
57 62
57 65
57 66
57 68
57 70
57 71
57 74
57 77
57 81
57 84
57 87
57 89
57 94
57 95
57 97
57 98
57 99
57 100
57 103
57 105
57 106
57 108
57 110
57 114
57 115
57 117
57 118
57 119
57 120
58 59
58 60
58 62
58 63
58 66
58 69
58 71
58 74
58 75
58 77
58 80
58 82
58 84
58 87
58 89
58 90
58 92
58 95
58 96
58 98
58 101
58 103
58 106
58 108
58 109
58 111
58 112
58 114
58 115
58 116
58 117
58 119
58 120
59 60
59 61
59 63
59 64
59 65
59 67
59 68
59 70
59 75
59 76
59 80
59 82
59 83
59 84
59 85
59 91
59 92
59 93
59 97
59 100
59 101
59 103
59 109
59 111
59 113
59 119
60 64
60 65
60 69
60 71
60 76
60 79
60 80
60 81
60 82
60 86
60 89
60 92
60 94
60 98
60 99
60 100
60 102
60 103
60 104
60 106
60 109
60 113
60 115
60 116
60 117
60 120
61 65
61 66
61 68
61 75
61 76
61 77
61 80
61 81
61 82
61 83
61 84
61 85
61 88
61 89
61 90
61 95
61 96
61 101
61 103
61 106
61 107
61 109
61 111
61 113
61 114
61 115
61 117
61 119
61 120
62 64
62 66
62 67
62 71
62 72
62 73
62 75
62 76
62 81
62 82
62 83
62 85
62 87
62 92
62 93
62 94
62 97
62 99
62 100
62 101
62 102
62 103
62 104
62 108
62 109
62 111
62 112
62 115
62 116
62 117
62 118
63 65
63 66
63 67
63 68
63 70
63 71
63 73
63 75
63 76
63 79
63 82
63 87
63 88
63 89
63 90
63 92
63 93
63 94
63 95
63 96
63 98
63 100
63 102
63 104
63 106
63 107
63 110
63 111
63 112
63 113
63 114
63 116
63 118
63 119
63 120
64 65
64 70
64 71
64 73
64 78
64 83
64 84
64 86
64 87
64 90
64 94
64 95
64 101
64 106
64 107
64 109
64 111
64 112
64 113
64 114
64 116
64 118
64 119
64 120
65 68
65 69
65 71
65 73
65 74
65 75
65 76
65 78
65 79
65 80
65 83
65 84
65 85
65 87
65 88
65 89
65 94
65 95
65 96
65 97
65 98
65 101
65 102
65 103
65 104
65 106
65 115
65 117
65 118
65 119
66 69
66 70
66 71
66 73
66 74
66 75
66 77
66 79
66 80
66 85
66 86
66 87
66 89
66 90
66 91
66 93
66 97
66 98
66 102
66 103
66 105
66 108
66 111
66 114
66 115
66 117
66 119
67 68
67 69
67 71
67 73
67 74
67 75
67 78
67 80
67 81
67 83
67 85
67 86
67 89
67 90
67 91
67 92
67 93
67 95
67 97
67 101
67 103
67 104
67 106
67 107
67 110
67 115
68 70
68 71
68 73
68 74
68 75
68 77
68 78
68 79
68 84
68 88
68 89
68 90
68 91
68 92
68 96
68 99
68 106
68 107
68 110
68 112
68 114
68 119
69 70
69 72
69 75
69 76
69 79
69 84
69 87
69 88
69 91
69 93
69 94
69 97
69 101
69 102
69 103
69 105
69 106
69 108
69 110
69 111
69 114
69 119
69 120
70 73
70 74
70 75
70 80
70 81
70 85
70 87
70 89
70 95
70 99
70 100
70 101
70 102
70 103
70 104
70 107
70 108
70 109
70 110
70 112
70 113
70 114
70 115
70 116
70 117
70 118
70 120
71 72
71 73
71 74
71 75
71 78
71 79
71 80
71 81
71 82
71 84
71 85
71 86
71 88
71 89
71 90
71 91
71 92
71 93
71 95
71 98
71 99
71 100
71 101
71 103
71 105
71 110
71 112
71 113
71 120
72 83
72 84
72 85
72 88
72 90
72 95
72 99
72 100
72 102
72 107
72 108
72 109
72 110
72 112
72 113
72 114
72 115
72 116
72 117
72 119
73 75
73 78
73 84
73 86
73 87
73 89
73 91
73 92
73 94
73 95
73 96
73 97
73 102
73 103
73 109
73 110
73 111
73 113
73 114
73 115
73 117
74 75
74 76
74 77
74 78
74 79
74 80
74 82
74 83
74 85
74 87
74 88
74 89
74 93
74 94
74 97
74 98
74 101
74 102
74 103
74 105
74 106
74 107
74 108
74 109
74 110
74 113
74 115
74 116
74 117
74 119
75 77
75 78
75 79
75 80
75 81
75 85
75 86
75 87
75 90
75 91
75 92
75 93
75 95
75 96
75 98
75 99
75 100
75 103
75 104
75 105
75 106
75 109
75 110
75 115
75 116
75 117
75 119
75 120
76 77
76 78
76 80
76 81
76 82
76 83
76 84
76 85
76 87
76 88
76 91
76 95
76 97
76 100
76 102
76 103
76 106
76 107
76 108
76 110
76 112
76 117
76 119
77 79
77 80
77 82
77 84
77 88
77 90
77 91
77 96
77 100
77 101
77 105
77 108
77 111
77 113
77 115
77 116
77 117
78 81
78 84
78 86
78 88
78 89
78 90
78 91
78 92
78 96
78 99
78 100
78 101
78 104
78 105
78 107
78 114
78 117
78 118
79 84
79 87
79 88
79 89
79 92
79 97
79 99
79 100
79 103
79 104
79 106
79 108
79 111
79 117
79 118
79 120
80 81
80 82
80 83
80 84
80 87
80 89
80 90
80 92
80 94
80 95
80 98
80 105
80 108
80 111
80 112
80 115
80 117
80 118
80 120
81 86
81 88
81 89
81 90
81 95
81 96
81 97
81 98
81 99
81 101
81 104
81 106
81 107
81 109
81 113
81 115
81 118
82 83
82 87
82 89
82 92
82 93
82 94
82 95
82 99
82 100
82 102
82 104
82 106
82 108
82 109
82 111
82 112
82 114
82 120
83 84
83 87
83 88
83 89
83 90
83 91
83 96
83 97
83 98
83 99
83 100
83 101
83 102
83 104
83 105
83 111
83 114
83 115
83 116
83 117
83 119
83 120
84 85
84 91
84 95
84 96
84 99
84 101
84 102
84 103
84 104
84 106
84 107
84 108
84 109
84 110
84 111
84 113
84 117
85 88
85 89
85 90
85 91
85 92
85 94
85 97
85 98
85 99
85 102
85 103
85 105
85 107
85 108
85 111
85 112
85 115
85 118
85 119
86 89
86 93
86 95
86 96
86 99
86 101
86 102
86 105
86 108
86 109
86 110
86 111
86 113
86 114
86 115
87 94
87 98
87 105
87 106
87 112
87 113
87 116
87 118
88 90
88 92
88 95
88 99
88 102
88 105
88 106
88 108
88 109
88 110
88 112
88 113
88 114
88 115
88 120
89 93
89 94
89 97
89 99
89 101
89 104
89 106
89 107
89 109
89 112
89 113
89 114
89 120
90 91
90 93
90 94
90 96
90 97
90 99
90 106
90 108
90 109
90 111
90 112
90 113
90 115
90 116
90 117
90 119
90 120
91 92
91 93
91 97
91 98
91 101
91 103
91 107
91 110
91 112
91 114
91 115
91 116
91 118
91 120
92 93
92 95
92 96
92 97
92 98
92 100
92 103
92 105
92 107
92 108
92 109
92 110
92 112
92 115
92 116
92 118
92 119
92 120
93 94
93 95
93 97
93 100
93 101
93 104
93 105
93 107
93 108
93 109
93 111
93 112
93 113
93 114
93 115
93 116
93 117
94 97
94 98
94 100
94 101
94 103
94 107
94 108
94 109
94 111
94 114
94 116
94 117
94 120
95 97
95 99
95 101
95 102
95 103
95 105
95 106
95 109
95 111
95 114
95 118
95 120
96 100
96 102
96 107
96 108
96 110
96 112
96 113
96 115
96 116
96 118
96 119
97 99
97 100
97 102
97 105
97 107
97 108
97 109
97 112
97 115
97 118
97 119
98 100
98 103
98 105
98 108
98 109
98 110
98 111
98 112
98 114
98 115
98 117
98 120
99 101
99 102
99 104
99 107
99 109
99 111
99 112
99 114
99 115
99 117
99 118
99 119
99 120
100 103
100 108
100 109
100 111
100 113
100 115
100 119
100 120
101 103
101 104
101 105
101 106
101 107
101 108
101 110
101 111
101 113
101 114
101 117
101 118
102 108
102 109
102 111
102 115
102 116
102 118
102 120
103 104
103 106
103 109
103 111
103 112
103 114
103 118
103 120
104 108
104 109
104 110
104 111
104 113
104 115
104 118
104 119
105 106
105 109
105 110
105 111
105 116
105 117
105 120
106 107
106 108
106 109
106 110
106 114
106 119
106 120
107 111
107 115
107 116
107 117
108 110
108 113
108 114
108 116
108 119
109 118
109 119
109 120
110 111
110 112
110 115
110 116
110 118
111 114
111 115
111 118
111 119
112 114
112 117
112 118
112 119
112 120
113 114
113 116
113 117
113 118
113 119
113 120
114 117
115 118
116 117
116 118
116 119
117 118
117 120
118 119
119 120