40
1 2
1 5
1 8
1 9
1 11
1 13
1 14
1 16
1 17
1 19
1 20
1 21
1 22
1 24
1 26
1 27
1 28
1 29
1 30
1 31
1 33
1 34
1 35
1 37
1 38
1 39
2 4
2 5
2 8
2 9
2 13
2 15
2 17
2 19
2 22
2 23
2 25
2 26
2 28
2 29
2 32
2 34
2 39
3 4
3 5
3 9
3 10
3 15
3 16
3 18
3 20
3 22
3 23
3 25
3 30
3 32
3 34
3 35
3 37
3 39
4 8
4 10
4 12
4 15
4 18
4 20
4 22
4 23
4 24
4 26
4 27
4 28
4 29
4 31
4 33
4 35
4 36
4 37
4 38
4 39
4 40
5 9
5 10
5 11
5 13
5 14
5 17
5 20
5 23
5 27
5 29
5 30
5 35
5 36
5 39
5 40
6 11
6 12
6 19
6 25
6 27
6 28
6 29
6 31
6 34
6 37
6 38
6 40
7 9
7 12
7 13
7 19
7 20
7 21
7 22
7 28
7 30
7 32
7 35
8 10
8 11
8 12
8 14
8 17
8 18
8 21
8 22
8 25
8 28
8 30
8 31
8 32
8 33
8 36
8 37
8 39
9 10
9 12
9 13
9 14
9 15
9 17
9 20
9 21
9 23
9 24
9 29
9 30
9 32
9 33
9 34
9 35
9 39
9 40
10 13
10 14
10 16
10 17
10 18
10 19
10 25
10 27
10 31
10 36
10 37
10 39
11 13
11 15
11 16
11 17
11 19
11 21
11 22
11 24
11 25
11 28
11 35
11 37
11 39
11 40
12 17
12 18
12 19
12 21
12 22
12 24
12 25
12 29
12 30
12 35
12 36
12 38
12 39
13 14
13 15
13 16
13 17
13 20
13 21
13 23
13 25
13 27
13 28
13 29
13 30
13 31
13 34
13 36
13 37
13 40
14 15
14 18
14 19
14 21
14 24
14 28
14 33
14 36
14 37
14 38
15 16
15 23
15 25
15 28
15 31
15 32
15 33
15 34
15 35
15 37
15 39
16 20
16 21
16 24
16 25
16 27
16 31
16 32
16 33
16 34
16 35
16 39
17 19
17 21
17 23
17 24
17 25
17 26
17 28
17 29
17 30
17 32
17 35
17 36
17 37
18 19
18 21
18 23
18 25
18 26
18 27
18 28
18 29
18 31
18 32
18 33
18 36
18 38
18 39
18 40
19 21
19 23
19 24
19 27
19 28
19 30
19 31
19 33
19 34
19 35
19 36
19 38
19 39
20 21
20 22
20 24
20 26
20 28
20 29
20 31
20 32
20 33
20 34
20 35
20 37
20 40
21 22
21 23
21 30
21 32
21 33
21 34
21 36
21 39
22 24
22 27
22 28
22 30
22 32
22 34
22 35
22 36
22 37
22 38
22 39
22 40
23 24
23 25
23 26
23 28
23 31
23 32
23 33
23 35
23 36
23 37
23 38
23 39
23 40
24 25
24 26
24 30
24 32
24 37
24 39
25 27
25 30
25 35
25 37
25 39
25 40
26 29
26 35
26 37
26 38
26 39
27 29
27 30
27 35
27 36
27 37
27 39
27 40
28 32
28 35
28 37
28 38
28 39
28 40
29 30
29 31
29 32
29 34
29 35
29 38
29 39
29 40
30 31
30 33
30 35
30 36
30 39
31 32
31 37
31 39
32 34
32 35
32 36
33 36
34 39
34 40
35 36
35 40
36 37
36 38
36 39
37 38
37 39
37 40
38 39