60
1 2
1 3
1 5
1 7
1 9
1 11
1 12
1 13
1 14
1 15
1 16
1 19
1 20
1 22
1 23
1 24
1 25
1 26
1 27
1 28
1 36
1 37
1 38
1 44
1 47
1 50
1 55
1 56
1 60
2 3
2 4
2 6
2 7
2 8
2 9
2 10
2 11
2 12
2 13
2 16
2 18
2 19
2 21
2 27
2 28
2 29
2 30
2 31
2 32
2 34
2 35
2 39
2 40
2 42
2 44
2 45
2 47
2 51
2 52
2 55
2 58
2 59
2 60
3 5
3 6
3 12
3 14
3 15
3 19
3 21
3 22
3 23
3 25
3 26
3 30
3 31
3 34
3 37
3 38
3 40
3 41
3 45
3 47
3 48
3 50
3 52
3 55
4 5
4 6
4 9
4 10
4 11
4 12
4 14
4 16
4 17
4 19
4 21
4 23
4 28
4 30
4 31
4 32
4 34
4 35
4 36
4 37
4 42
4 44
4 46
4 47
4 52
4 56
4 58
4 59
5 6
5 14
5 16
5 18
5 20
5 21
5 22
5 24
5 28
5 30
5 32
5 33
5 36
5 38
5 41
5 43
5 44
5 45
5 46
5 47
5 49
5 50
5 54
5 58
5 59
5 60
6 8
6 10
6 11
6 13
6 15
6 19
6 20
6 22
6 23
6 25
6 27
6 28
6 29
6 30
6 31
6 33
6 34
6 35
6 36
6 37
6 38
6 40
6 41
6 42
6 44
6 46
6 47
6 48
6 52
6 53
6 55
6 57
6 59
6 60
7 9
7 10
7 11
7 12
7 13
7 14
7 15
7 16
7 17
7 19
7 21
7 26
7 28
7 30
7 31
7 32
7 33
7 34
7 36
7 37
7 39
7 40
7 41
7 43
7 44
7 45
7 46
7 49
7 50
7 51
7 53
7 54
7 55
7 59
8 10
8 11
8 12
8 13
8 17
8 20
8 21
8 23
8 24
8 28
8 32
8 34
8 36
8 37
8 38
8 41
8 42
8 45
8 46
8 48
8 51
8 54
8 56
8 58
8 59
9 14
9 15
9 16
9 18
9 21
9 22
9 23
9 27
9 30
9 32
9 33
9 36
9 40
9 41
9 46
9 50
9 52
9 53
9 57
10 11
10 13
10 14
10 15
10 16
10 18
10 19
10 21
10 22
10 25
10 27
10 28
10 31
10 33
10 35
10 37
10 39
10 42
10 46
10 51
10 52
10 55
10 56
10 57
10 60
11 13
11 15
11 17
11 18
11 19
11 20
11 21
11 22
11 23
11 24
11 26
11 28
11 35
11 36
11 37
11 41
11 42
11 43
11 44
11 45
11 48
11 50
11 51
11 53
11 57
11 60
12 14
12 16
12 17
12 18
12 19
12 20
12 23
12 24
12 26
12 28
12 29
12 32
12 33
12 36
12 41
12 42
12 43
12 44
12 48
12 49
12 50
12 52
12 54
12 55
12 56
12 58
12 60
13 14
13 17
13 18
13 19
13 20
13 27
13 28
13 29
13 32
13 33
13 35
13 39
13 40
13 42
13 46
13 50
13 52
13 54
13 59
13 60
14 15
14 17
14 18
14 26
14 28
14 29
14 30
14 32
14 35
14 36
14 37
14 38
14 40
14 41
14 42
14 49
14 53
14 54
14 58
14 60
15 19
15 23
15 24
15 25
15 28
15 29
15 30
15 33
15 34
15 36
15 37
15 38
15 43
15 44
15 47
15 50
15 51
15 52
15 56
15 57
15 58
15 59
16 18
16 19
16 21
16 24
16 25
16 27
16 29
16 31
16 32
16 33
16 34
16 35
16 38
16 42
16 45
16 46
16 47
16 48
16 50
16 55
16 57
16 58
16 59
16 60
17 18
17 19
17 21
17 23
17 24
17 25
17 26
17 32
17 33
17 37
17 38
17 39
17 41
17 42
17 43
17 44
17 45
17 49
17 50
17 51
17 52
17 53
17 60
18 20
18 21
18 22
18 25
18 27
18 29
18 30
18 32
18 33
18 34
18 35
18 36
18 38
18 43
18 44
18 47
18 48
18 50
18 56
18 60
19 20
19 22
19 23
19 25
19 27
19 28
19 29
19 35
19 38
19 39
19 42
19 44
19 45
19 47
19 50
19 51
19 52
19 58
19 59
19 60
20 21
20 25
20 28
20 31
20 32
20 33
20 37
20 39
20 41
20 44
20 46
20 47
20 50
20 55
20 59
21 23
21 24
21 30
21 31
21 32
21 35
21 36
21 37
21 39
21 40
21 41
21 43
21 45
21 46
21 49
21 50
21 52
21 56
21 58
22 23
22 25
22 26
22 27
22 28
22 29
22 30
22 34
22 41
22 42
22 46
22 49
22 53
22 54
22 55
22 57
22 60
23 25
23 27
23 28
23 30
23 32
23 34
23 35
23 41
23 42
23 43
23 45
23 47
23 49
23 51
23 52
23 53
23 54
23 57
23 58
24 25
24 26
24 27
24 30
24 32
24 33
24 37
24 39
24 40
24 42
24 50
24 52
24 54
24 55
24 56
24 57
24 58
24 59
24 60
25 26
25 28
25 29
25 32
25 34
25 35
25 36
25 37
25 39
25 40
25 41
25 44
25 45
25 48
25 50
25 52
25 53
25 56
25 57
26 27
26 30
26 32
26 33
26 34
26 35
26 36
26 39
26 40
26 41
26 42
26 44
26 45
26 46
26 48
26 51
26 52
26 58
26 60
27 28
27 30
27 31
27 33
27 39
27 40
27 41
27 44
27 45
27 49
27 50
27 51
27 55
27 56
27 57
27 59
28 29
28 31
28 35
28 39
28 43
28 44
28 45
28 46
28 47
28 52
28 54
28 55
28 57
28 58
29 30
29 34
29 35
29 37
29 38
29 39
29 42
29 43
29 47
29 53
29 55
29 57
29 58
30 31
30 34
30 35
30 36
30 37
30 40
30 41
30 42
30 43
30 44
30 47
30 50
30 51
30 53
30 57
30 58
30 59
30 60
31 36
31 37
31 38
31 39
31 45
31 47
31 49
31 51
31 52
31 53
31 56
31 57
31 58
31 59
32 34
32 35
32 38
32 40
32 42
32 44
32 45
32 46
32 47
32 49
32 51
32 53
32 55
32 56
32 58
33 34
33 36
33 37
33 38
33 42
33 47
33 49
33 50
33 51
33 52
33 55
33 57
33 59
33 60
34 37
34 39
34 42
34 43
34 44
34 45
34 46
34 47
34 48
34 53
34 57
34 58
34 59
35 38
35 39
35 40
35 41
35 42
35 43
35 46
35 48
35 51
35 56
35 57
35 58
35 59
35 60
36 37
36 40
36 41
36 45
36 48
36 49
36 50
36 51
36 53
36 54
36 59
36 60
37 38
37 39
37 41
37 46
37 47
37 50
37 51
37 52
37 54
37 55
37 58
38 41
38 47
38 48
38 50
38 51
38 52
38 55
38 57
38 58
38 59
39 41
39 44
39 45
39 46
39 48
39 50
39 52
39 57
39 58
39 59
39 60
40 42
40 43
40 44
40 45
40 46
40 47
40 51
40 52
40 55
40 56
40 60
41 43
41 45
41 46
41 49
41 51
41 52
41 53
41 54
41 55
41 56
41 59
41 60
42 43
42 46
42 51
42 52
42 53
42 56
42 58
42 59
43 44
43 45
43 46
43 49
43 52
43 58
43 59
43 60
44 46
44 49
44 52
44 53
44 56
44 57
44 58
44 59
45 46
45 47
45 49
45 50
45 51
45 52
46 47
46 50
46 51
46 54
46 55
46 57
46 58
47 49
47 50
47 53
47 54
47 55
47 56
47 59
48 51
48 57
49 52
49 53
49 54
49 55
49 57
49 58
49 60
50 54
50 55
50 56
50 58
50 59
51 52
51 53
51 59
52 53
52 54
52 58
52 60
53 54
53 56
53 57
53 58
53 60
54 58
54 59
55 56
55 57
56 57
57 58
57 59
57 60
58 59
58 60