180
1 2
1 7
1 9
1 11
1 13
1 15
1 18
1 20
1 21
1 23
1 24
1 25
1 27
1 29
1 30
1 31
1 32
1 34
1 35
1 36
1 37
1 38
1 42
1 43
1 44
1 46
1 47
1 51
1 53
1 55
1 56
1 58
1 59
1 61
1 66
1 67
1 68
1 70
1 71
1 73
1 78
1 81
1 82
1 83
1 84
1 87
1 88
1 89
1 91
1 92
1 94
1 96
1 97
1 98
1 99
1 101
1 102
1 105
1 106
1 108
1 109
1 110
1 112
1 114
1 115
1 117
1 118
1 119
1 120
1 121
1 122
1 127
1 129
1 130
1 131
1 133
1 134
1 135
1 140
1 142
1 144
1 145
1 147
1 149
1 150
1 152
1 153
1 155
1 156
1 161
1 168
1 169
1 170
1 171
1 172
2 3
2 5
2 7
2 8
2 12
2 13
2 18
2 21
2 22
2 23
2 26
2 27
2 30
2 32
2 33
2 34
2 35
2 36
2 38
2 39
2 40
2 44
2 45
2 46
2 48
2 49
2 50
2 51
2 52
2 53
2 54
2 58
2 59
2 63
2 64
2 65
2 66
2 68
2 69
2 71
2 72
2 73
2 74
2 75
2 76
2 77
2 78
2 81
2 86
2 87
2 89
2 90
2 91
2 92
2 96
2 97
2 98
2 102
2 109
2 111
2 117
2 118
2 121
2 125
2 128
2 130
2 138
2 141
2 143
2 144
2 145
2 147
2 151
2 152
2 154
2 155
2 156
2 157
2 160
2 161
2 163
2 164
2 165
2 167
2 168
2 169
2 170
2 174
2 176
2 177
2 178
3 4
3 9
3 10
3 11
3 12
3 13
3 14
3 15
3 16
3 17
3 18
3 19
3 20
3 23
3 31
3 35
3 36
3 37
3 39
3 41
3 43
3 44
3 47
3 49
3 50
3 51
3 53
3 54
3 55
3 56
3 57
3 59
3 60
3 62
3 68
3 70
3 73
3 74
3 80
3 81
3 82
3 84
3 91
3 92
3 93
3 94
3 96
3 99
3 100
3 103
3 104
3 105
3 106
3 107
3 113
3 115
3 116
3 119
3 124
3 125
3 126
3 128
3 129
3 130
3 133
3 136
3 138
3 139
3 141
3 142
3 143
3 144
3 146
3 149
3 150
3 151
3 155
3 156
3 160
3 161
3 162
3 164
3 168
3 170
3 171
3 172
3 173
3 175
3 179
3 180
4 5
4 7
4 8
4 10
4 12
4 13
4 15
4 16
4 17
4 20
4 21
4 24
4 26
4 29
4 30
4 32
4 33
4 34
4 36
4 37
4 41
4 42
4 43
4 47
4 50
4 52
4 54
4 56
4 57
4 59
4 61
4 62
4 65
4 66
4 67
4 70
4 71
4 72
4 73
4 74
4 75
4 76
4 84
4 85
4 88
4 91
4 92
4 93
4 95
4 96
4 98
4 99
4 102
4 103
4 110
4 119
4 120
4 121
4 123
4 125
4 127
4 128
4 130
4 135
4 137
4 139
4 141
4 142
4 143
4 144
4 145
4 148
4 150
4 153
4 154
4 155
4 156
4 157
4 158
4 159
4 161
4 162
4 163
4 164
4 168
4 169
4 170
4 173
4 174
4 175
4 178
4 180
5 6
5 9
5 10
5 11
5 12
5 13
5 14
5 16
5 17
5 19
5 23
5 24
5 25
5 27
5 31
5 33
5 38
5 39
5 44
5 45
5 49
5 52
5 57
5 62
5 67
5 69
5 75
5 76
5 87
5 90
5 92
5 93
5 98
5 99
5 102
5 104
5 106
5 107
5 108
5 109
5 110
5 111
5 113
5 114
5 115
5 116
5 119
5 121
5 123
5 129
5 132
5 137
5 140
5 141
5 142
5 143
5 144
5 146
5 148
5 150
5 151
5 152
5 156
5 157
5 158
5 159
5 160
5 165
5 167
5 171
5 172
5 175
5 176
5 177
5 178
5 180
6 7
6 10
6 11
6 13
6 15
6 16
6 17
6 18
6 23
6 24
6 26
6 32
6 35
6 37
6 40
6 41
6 45
6 47
6 50
6 51
6 53
6 54
6 57
6 61
6 62
6 63
6 64
6 68
6 69
6 70
6 71
6 72
6 73
6 76
6 79
6 81
6 86
6 90
6 91
6 92
6 93
6 94
6 95
6 96
6 97
6 100
6 101
6 102
6 103
6 104
6 105
6 109
6 110
6 115
6 117
6 118
6 120
6 121
6 122
6 123
6 124
6 125
6 126
6 127
6 128
6 129
6 130
6 132
6 133
6 134
6 135
6 136
6 137
6 138
6 139
6 145
6 146
6 148
6 149
6 150
6 152
6 154
6 155
6 156
6 159
6 165
6 166
6 167
6 168
6 170
6 174
6 179
6 180
7 8
7 11
7 16
7 17
7 18
7 19
7 20
7 25
7 30
7 31
7 33
7 36
7 37
7 38
7 40
7 41
7 42
7 46
7 48
7 49
7 54
7 55
7 56
7 58
7 63
7 66
7 69
7 71
7 72
7 76
7 81
7 82
7 83
7 86
7 87
7 88
7 89
7 90
7 91
7 92
7 94
7 96
7 98
7 100
7 101
7 102
7 104
7 105
7 107
7 108
7 109
7 110
7 111
7 115
7 119
7 123
7 124
7 126
7 127
7 129
7 130
7 131
7 132
7 133
7 134
7 135
7 137
7 138
7 141
7 142
7 143
7 145
7 146
7 147
7 148
7 150
7 152
7 153
7 158
7 159
7 160
7 161
7 162
7 163
7 164
7 165
7 166
7 168
7 170
7 171
7 172
7 173
7 175
7 179
8 15
8 17
8 18
8 20
8 24
8 25
8 31
8 32
8 33
8 36
8 38
8 39
8 40
8 41
8 44
8 45
8 49
8 51
8 52
8 55
8 57
8 58
8 59
8 60
8 63
8 65
8 69
8 71
8 74
8 76
8 77
8 78
8 79
8 80
8 82
8 83
8 84
8 85
8 87
8 90
8 91
8 92
8 94
8 95
8 97
8 98
8 99
8 102
8 103
8 106
8 107
8 113
8 115
8 116
8 117
8 120
8 121
8 122
8 131
8 132
8 138
8 139
8 140
8 143
8 148
8 149
8 150
8 151
8 155
8 156
8 157
8 161
8 165
8 167
8 168
8 170
8 172
8 173
8 174
8 176
8 178
8 179
8 180
9 10
9 13
9 15
9 16
9 18
9 21
9 23
9 28
9 29
9 32
9 36
9 37
9 41
9 43
9 44
9 45
9 49
9 51
9 52
9 53
9 56
9 57
9 58
9 59
9 60
9 62
9 63
9 67
9 73
9 74
9 75
9 76
9 77
9 79
9 86
9 90
9 92
9 96
9 98
9 99
9 100
9 101
9 102
9 103
9 105
9 108
9 109
9 110
9 112
9 114
9 116
9 117
9 119
9 122
9 125
9 126
9 134
9 137
9 138
9 139
9 140
9 143
9 145
9 146
9 153
9 155
9 157
9 159
9 160
9 165
9 166
9 167
9 169
9 170
9 172
9 173
9 174
9 175
9 178
10 11
10 14
10 15
10 16
10 19
10 20
10 25
10 26
10 28
10 29
10 30
10 31
10 33
10 34
10 37
10 39
10 40
10 41
10 42
10 44
10 45
10 47
10 50
10 52
10 53
10 56
10 57
10 59
10 62
10 64
10 65
10 66
10 67
10 69
10 72
10 75
10 76
10 77
10 78
10 79
10 80
10 83
10 84
10 85
10 87
10 89
10 90
10 91
10 92
10 93
10 95
10 96
10 97
10 98
10 101
10 102
10 105
10 106
10 107
10 108
10 113
10 115
10 117
10 118
10 119
10 123
10 125
10 130
10 131
10 133
10 134
10 135
10 136
10 138
10 141
10 144
10 145
10 146
10 149
10 150
10 154
10 155
10 157
10 158
10 159
10 161
10 163
10 165
10 167
10 170
10 171
10 172
10 173
10 175
10 176
10 177
10 178
10 179
10 180
11 14
11 18
11 19
11 21
11 22
11 24
11 27
11 28
11 29
11 30
11 31
11 34
11 37
11 38
11 39
11 41
11 42
11 44
11 46
11 49
11 51
11 55
11 57
11 58
11 61
11 62
11 70
11 73
11 74
11 76
11 77
11 78
11 80
11 81
11 83
11 87
11 90
11 92
11 95
11 97
11 98
11 99
11 100
11 101
11 103
11 104
11 106
11 107
11 108
11 109
11 115
11 116
11 122
11 124
11 125
11 131
11 132
11 134
11 135
11 136
11 137
11 138
11 139
11 142
11 143
11 144
11 145
11 147
11 149
11 150
11 152
11 153
11 154
11 157
11 159
11 163
11 165
11 166
11 172
11 173
11 174
11 175
11 176
12 14
12 16
12 17
12 18
12 19
12 23
12 24
12 26
12 31
12 33
12 34
12 35
12 36
12 39
12 40
12 43
12 45
12 46
12 50
12 51
12 53
12 54
12 56
12 58
12 59
12 61
12 65
12 66
12 70
12 71
12 72
12 78
12 79
12 81
12 82
12 85
12 86
12 87
12 91
12 92
12 93
12 97
12 98
12 99
12 105
12 106
12 111
12 114
12 116
12 117
12 118
12 119
12 120
12 122
12 123
12 126
12 129
12 130
12 131
12 132
12 134
12 135
12 137
12 138
12 140
12 146
12 147
12 148
12 149
12 151
12 154
12 155
12 156
12 159
12 160
12 161
12 162
12 163
12 164
12 166
12 167
12 168
12 174
12 176
12 177
12 179
13 15
13 16
13 19
13 23
13 34
13 35
13 42
13 43
13 44
13 45
13 46
13 47
13 48
13 50
13 53
13 54
13 56
13 57
13 58
13 60
13 63
13 65
13 66
13 71
13 72
13 73
13 74
13 76
13 77
13 80
13 81
13 82
13 84
13 85
13 89
13 91
13 92
13 94
13 96
13 97
13 98
13 99
13 101
13 103
13 104
13 105
13 108
13 111
13 115
13 116
13 118
13 119
13 120
13 124
13 125
13 127
13 129
13 130
13 131
13 134
13 135
13 136
13 137
13 138
13 143
13 144
13 145
13 151
13 152
13 156
13 157
13 158
13 159
13 164
13 165
13 166
13 167
13 171
13 173
13 176
13 177
13 178
13 179
13 180
14 15
14 18
14 19
14 20
14 23
14 25
14 26
14 30
14 35
14 36
14 37
14 38
14 40
14 42
14 43
14 44
14 45
14 47
14 48
14 52
14 53
14 54
14 55
14 56
14 57
14 59
14 62
14 64
14 66
14 70
14 71
14 72
14 76
14 77
14 78
14 80
14 83
14 84
14 85
14 86
14 87
14 90
14 91
14 95
14 96
14 98
14 99
14 100
14 103
14 104
14 105
14 107
14 110
14 114
14 116
14 117
14 120
14 121
14 123
14 124
14 125
14 128
14 129
14 130
14 133
14 142
14 145
14 148
14 149
14 150
14 151
14 156
14 157
14 163
14 164
14 168
14 169
14 171
14 172
14 173
14 174
14 175
14 176
14 178
14 180
15 17
15 18
15 19
15 23
15 26
15 28
15 34
15 36
15 39
15 40
15 42
15 43
15 44
15 47
15 49
15 53
15 54
15 55
15 56
15 57
15 61
15 62
15 64
15 67
15 71
15 72
15 73
15 74
15 75
15 76
15 77
15 78
15 79
15 81
15 83
15 86
15 87
15 89
15 90
15 91
15 92
15 93
15 95
15 101
15 103
15 106
15 107
15 108
15 109
15 113
15 114
15 115
15 116
15 117
15 121
15 123
15 125
15 126
15 129
15 130
15 131
15 132
15 133
15 135
15 136
15 137
15 140
15 143
15 144
15 146
15 148
15 150
15 151
15 152
15 153
15 155
15 157
15 158
15 160
15 161
15 162
15 163
15 164
15 166
15 168
15 171
15 173
15 175
15 176
16 18
16 21
16 22
16 23
16 25
16 30
16 31
16 32
16 33
16 34
16 38
16 39
16 40
16 41
16 43
16 44
16 45
16 46
16 47
16 50
16 51
16 52
16 53
16 55
16 56
16 57
16 59
16 60
16 61
16 62
16 66
16 67
16 71
16 73
16 74
16 75
16 80
16 83
16 84
16 85
16 86
16 90
16 91
16 93
16 94
16 95
16 97
16 98
16 108
16 109
16 110
16 113
16 114
16 117
16 118
16 119
16 121
16 122
16 123
16 129
16 131
16 133
16 138
16 139
16 141
16 144
16 148
16 149
16 150
16 153
16 154
16 155
16 156
16 158
16 161
16 164
16 165
16 166
16 171
16 172
16 173
16 174
16 175
16 178
17 18
17 19
17 21
17 25
17 27
17 30
17 31
17 35
17 36
17 39
17 42
17 46
17 47
17 48
17 50
17 51
17 54
17 55
17 58
17 59
17 61
17 62
17 64
17 67
17 70
17 72
17 73
17 81
17 86
17 87
17 92
17 94
17 97
17 98
17 100
17 101
17 107
17 110
17 111
17 112
17 117
17 118
17 121
17 123
17 125
17 127
17 128
17 129
17 130
17 133
17 135
17 136
17 137
17 141
17 142
17 146
17 148
17 150
17 151
17 152
17 153
17 155
17 159
17 162
17 163
17 165
17 168
17 169
17 171
17 172
17 175
17 176
17 177
17 178
17 180
18 19
18 21
18 24
18 25
18 26
18 27
18 28
18 32
18 35
18 37
18 38
18 45
18 51
18 54
18 55
18 58
18 61
18 62
18 64
18 68
18 69
18 78
18 79
18 81
18 83
18 87
18 88
18 90
18 94
18 95
18 97
18 99
18 100
18 101
18 103
18 104
18 106
18 108
18 109
18 110
18 112
18 113
18 114
18 115
18 116
18 118
18 119
18 125
18 128
18 130
18 131
18 135
18 136
18 139
18 143
18 144
18 145
18 148
18 149
18 150
18 151
18 153
18 155
18 156
18 163
18 165
18 166
18 167
18 169
18 170
18 172
18 173
18 174
18 175
18 178
18 179
18 180
19 20
19 25
19 32
19 33
19 36
19 37
19 39
19 43
19 44
19 45
19 47
19 49
19 53
19 55
19 56
19 57
19 60
19 61
19 64
19 65
19 68
19 69
19 70
19 71
19 74
19 75
19 77
19 84
19 88
19 89
19 90
19 92
19 93
19 95
19 96
19 99
19 105
19 106
19 107
19 108
19 109
19 110
19 111
19 115
19 116
19 118
19 119
19 120
19 121
19 122
19 123
19 126
19 127
19 128
19 129
19 130
19 132
19 134
19 136
19 138
19 143
19 146
19 147
19 150
19 151
19 152
19 153
19 155
19 156
19 158
19 163
19 164
19 167
19 169
19 171
19 175
19 176
19 179
20 24
20 28
20 29
20 30
20 31
20 32
20 34
20 36
20 41
20 42
20 43
20 45
20 47
20 49
20 51
20 53
20 54
20 56
20 57
20 58
20 61
20 62
20 66
20 70
20 71
20 72
20 73
20 74
20 78
20 79
20 81
20 82
20 84
20 85
20 87
20 88
20 89
20 90
20 91
20 92
20 93
20 94
20 98
20 99
20 100
20 103
20 104
20 107
20 108
20 109
20 110
20 111
20 112
20 114
20 119
20 120
20 122
20 123
20 128
20 129
20 130
20 131
20 132
20 134
20 135
20 136
20 139
20 140
20 141
20 142
20 143
20 144
20 146
20 147
20 151
20 152
20 155
20 156
20 157
20 158
20 159
20 162
20 163
20 164
20 167
20 176
20 177
21 22
21 23
21 24
21 25
21 26
21 31
21 33
21 35
21 37
21 40
21 43
21 46
21 50
21 57
21 58
21 60
21 62
21 63
21 64
21 66
21 67
21 68
21 71
21 74
21 75
21 76
21 80
21 81
21 82
21 85
21 88
21 89
21 95
21 96
21 98
21 101
21 106
21 107
21 109
21 111
21 113
21 114
21 115
21 116
21 117
21 118
21 119
21 121
21 124
21 126
21 128
21 129
21 131
21 132
21 133
21 138
21 139
21 147
21 148
21 150
21 152
21 153
21 154
21 158
21 162
21 164
21 166
21 167
21 169
21 174
21 175
21 178
22 23
22 27
22 29
22 31
22 32
22 36
22 37
22 38
22 39
22 41
22 43
22 44
22 46
22 47
22 49
22 52
22 54
22 57
22 58
22 62
22 63
22 66
22 67
22 70
22 71
22 74
22 75
22 77
22 78
22 79
22 82
22 83
22 85
22 87
22 90
22 91
22 92
22 93
22 94
22 95
22 96
22 98
22 101
22 102
22 103
22 104
22 105
22 108
22 109
22 111
22 114
22 115
22 116
22 117
22 118
22 119
22 121
22 124
22 129
22 131
22 132
22 134
22 135
22 136
22 137
22 144
22 146
22 147
22 149
22 152
22 153
22 154
22 155
22 156
22 158
22 162
22 163
22 164
22 165
22 168
22 169
22 172
22 173
22 174
22 175
22 177
22 179
22 180
23 24
23 25
23 27
23 28
23 31
23 32
23 33
23 34
23 35
23 38
23 41
23 42
23 43
23 45
23 48
23 51
23 53
23 56
23 57
23 58
23 60
23 61
23 64
23 65
23 67
23 68
23 71
23 72
23 73
23 78
23 79
23 81
23 83
23 85
23 89
23 90
23 91
23 92
23 96
23 99
23 100
23 102
23 103
23 106
23 110
23 111
23 113
23 115
23 116
23 120
23 121
23 122
23 123
23 125
23 127
23 128
23 129
23 130
23 132
23 133
23 136
23 140
23 141
23 146
23 147
23 150
23 153
23 154
23 155
23 162
23 163
23 164
23 165
23 167
23 168
23 169
23 174
23 175
23 177
23 179
23 180
24 29
24 30
24 31
24 32
24 33
24 34
24 35
24 37
24 39
24 40
24 41
24 43
24 47
24 48
24 49
24 56
24 59
24 60
24 62
24 63
24 64
24 67
24 68
24 70
24 72
24 73
24 77
24 78
24 80
24 83
24 87
24 91
24 92
24 93
24 98
24 99
24 100
24 106
24 110
24 111
24 112
24 113
24 114
24 116
24 119
24 122
24 124
24 125
24 127
24 129
24 131
24 134
24 136
24 137
24 140
24 145
24 146
24 147
24 148
24 149
24 150
24 151
24 152
24 153
24 155
24 159
24 161
24 162
24 165
24 167
24 170
24 172
24 173
24 174
24 175
24 177
24 178
24 179
25 27
25 33
25 37
25 39
25 40
25 41
25 45
25 49
25 50
25 51
25 52
25 53
25 55
25 58
25 60
25 62
25 63
25 65
25 66
25 67
25 70
25 72
25 73
25 74
25 77
25 78
25 81
25 83
25 84
25 86
25 87
25 88
25 89
25 91
25 94
25 95
25 98
25 101
25 102
25 103
25 104
25 105
25 107
25 108
25 109
25 110
25 111
25 112
25 113
25 117
25 118
25 121
25 124
25 126
25 127
25 128
25 131
25 133
25 135
25 137
25 140
25 142
25 145
25 147
25 148
25 149
25 154
25 155
25 158
25 160
25 165
25 167
25 169
25 170
25 172
25 174
25 177
25 178
26 28
26 30
26 32
26 35
26 37
26 41
26 44
26 45
26 46
26 48
26 51
26 52
26 53
26 54
26 56
26 57
26 63
26 64
26 65
26 66
26 67
26 68
26 69
26 70
26 72
26 74
26 77
26 80
26 82
26 83
26 87
26 88
26 91
26 92
26 93
26 95
26 97
26 100
26 102
26 103
26 106
26 107
26 110
26 113
26 115
26 119
26 120
26 122
26 124
26 125
26 127
26 129
26 130
26 131
26 134
26 136
26 139
26 141
26 144
26 146
26 147
26 148
26 149
26 150
26 151
26 152
26 154
26 157
26 158
26 160
26 161
26 162
26 163
26 164
26 169
26 170
26 174
26 175
26 177
26 178
27 29
27 30
27 31
27 32
27 34
27 35
27 38
27 42
27 46
27 47
27 48
27 49
27 50
27 51
27 52
27 53
27 54
27 56
27 58
27 59
27 60
27 61
27 66
27 69
27 71
27 72
27 74
27 76
27 80
27 81
27 83
27 84
27 87
27 89
27 90
27 94
27 95
27 96
27 97
27 98
27 101
27 102
27 105
27 107
27 108
27 109
27 110
27 113
27 116
27 117
27 118
27 119
27 122
27 124
27 126
27 128
27 129
27 132
27 134
27 135
27 136
27 137
27 138
27 139
27 141
27 142
27 144
27 148
27 151
27 152
27 153
27 155
27 158
27 161
27 163
27 164
27 166
27 167
27 168
27 170
27 176
27 178
28 29
28 32
28 34
28 35
28 36
28 37
28 39
28 41
28 43
28 44
28 48
28 49
28 50
28 51
28 52
28 54
28 55
28 56
28 58
28 59
28 64
28 65
28 68
28 70
28 72
28 73
28 76
28 80
28 83
28 85
28 86
28 87
28 89
28 90
28 91
28 93
28 94
28 96
28 99
28 104
28 108
28 109
28 110
28 113
28 114
28 117
28 120
28 123
28 127
28 128
28 129
28 130
28 134
28 139
28 140
28 141
28 143
28 144
28 146
28 147
28 148
28 150
28 155
28 159
28 160
28 165
28 167
28 168
28 170
28 171
28 173
28 179
28 180
29 30
29 31
29 34
29 35
29 36
29 38
29 39
29 40
29 43
29 44
29 46
29 47
29 48
29 49
29 51
29 52
29 53
29 57
29 60
29 61
29 65
29 68
29 69
29 71
29 72
29 73
29 76
29 77
29 80
29 81
29 82
29 89
29 91
29 92
29 93
29 95
29 96
29 98
29 99
29 100
29 101
29 103
29 109
29 111
29 112
29 113
29 114
29 116
29 120
29 122
29 124
29 126
29 127
29 132
29 135
29 137
29 138
29 139
29 146
29 147
29 151
29 152
29 153
29 155
29 157
29 158
29 159
29 160
29 161
29 163
29 165
29 166
29 171
29 172
29 174
29 175
29 177
29 179
29 180
30 31
30 32
30 34
30 35
30 41
30 43
30 44
30 47
30 49
30 50
30 51
30 53
30 54
30 56
30 57
30 58
30 59
30 60
30 63
30 64
30 65
30 66
30 68
30 70
30 73
30 74
30 76
30 77
30 79
30 80
30 85
30 86
30 89
30 91
30 92
30 95
30 96
30 98
30 101
30 102
30 112
30 115
30 116
30 120
30 121
30 122
30 128
30 129
30 131
30 134
30 136
30 137
30 138
30 144
30 145
30 147
30 153
30 155
30 156
30 157
30 158
30 159
30 161
30 162
30 163
30 164
30 165
30 167
30 168
30 169
30 172
30 174
30 180
31 35
31 36
31 40
31 41
31 42
31 43
31 44
31 45
31 47
31 48
31 49
31 51
31 52
31 55
31 56
31 58
31 60
31 61
31 62
31 63
31 64
31 65
31 67
31 70
31 75
31 76
31 78
31 81
31 82
31 84
31 88
31 89
31 90
31 91
31 92
31 95
31 97
31 100
31 102
31 104
31 105
31 106
31 108
31 109
31 112
31 113
31 114
31 116
31 117
31 118
31 120
31 121
31 122
31 123
31 126
31 128
31 131
31 132
31 134
31 136
31 138
31 139
31 141
31 142
31 144
31 145
31 146
31 147
31 148
31 149
31 153
31 154
31 155
31 157
31 158
31 159
31 162
31 163
31 164
31 165
31 166
31 169
31 170
31 173
32 34
32 36
32 37
32 39
32 40
32 41
32 43
32 45
32 48
32 54
32 56
32 61
32 62
32 64
32 68
32 70
32 72
32 74
32 76
32 80
32 81
32 83
32 84
32 86
32 89
32 92
32 93
32 95
32 96
32 101
32 103
32 105
32 106
32 108
32 111
32 112
32 113
32 115
32 119
32 120
32 122
32 124
32 126
32 127
32 128
32 129
32 132
32 133
32 134
32 135
32 137
32 138
32 139
32 141
32 145
32 147
32 148
32 149
32 150
32 154
32 160
32 162
32 163
32 164
32 166
32 167
32 169
32 170
32 172
32 174
32 175
32 178
33 35
33 36
33 37
33 39
33 45
33 47
33 50
33 52
33 56
33 57
33 59
33 60
33 66
33 67
33 69
33 70
33 73
33 74
33 76
33 77
33 78
33 81
33 83
33 85
33 88
33 89
33 90
33 92
33 93
33 95
33 96
33 98
33 100
33 101
33 102
33 105
33 106
33 109
33 111
33 114
33 115
33 116
33 117
33 118
33 120
33 121
33 125
33 126
33 128
33 131
33 132
33 134
33 136
33 137
33 138
33 140
33 141
33 143
33 144
33 146
33 151
33 152
33 156
33 158
33 161
33 162
33 163
33 164
33 165
33 167
33 169
33 170
33 171
33 173
33 174
33 175
33 176
33 178
33 179
34 35
34 39
34 40
34 42
34 44
34 45
34 54
34 55
34 56
34 57
34 59
34 60
34 61
34 66
34 67
34 70
34 71
34 72
34 77
34 78
34 79
34 80
34 88
34 89
34 91
34 92
34 93
34 95
34 96
34 98
34 99
34 101
34 102
34 104
34 106
34 107
34 108
34 109
34 112
34 120
34 123
34 126
34 127
34 128
34 132
34 134
34 137
34 139
34 140
34 146
34 149
34 150
34 153
34 156
34 159
34 166
34 167
34 168
34 169
34 170
34 173
34 178
34 179
35 36
35 38
35 43
35 44
35 46
35 50
35 51
35 53
35 56
35 58
35 60
35 61
35 62
35 63
35 66
35 69
35 70
35 71
35 74
35 75
35 77
35 81
35 83
35 85
35 88
35 90
35 91
35 93
35 94
35 95
35 96
35 98
35 99
35 101
35 105
35 109
35 110
35 114
35 117
35 119
35 120
35 121
35 123
35 126
35 127
35 130
35 131
35 134
35 136
35 137
35 140
35 142
35 143
35 147
35 150
35 151
35 153
35 154
35 156
35 158
35 159
35 164
35 167
35 168
35 170
35 172
35 175
35 176
35 177
35 180
36 37
36 38
36 39
36 40
36 41
36 42
36 43
36 45
36 46
36 48
36 49
36 50
36 53
36 56
36 57
36 58
36 59
36 60
36 63
36 64
36 69
36 70
36 71
36 72
36 73
36 76
36 78
36 84
36 86
36 89
36 90
36 92
36 93
36 97
36 99
36 100
36 104
36 105
36 106
36 107
36 109
36 110
36 111
36 115
36 116
36 119
36 120
36 122
36 123
36 124
36 126
36 127
36 128
36 131
36 132
36 134
36 135
36 140
36 143
36 145
36 146
36 148
36 150
36 153
36 155
36 157
36 160
36 162
36 168
36 169
36 170
36 171
36 172
36 174
36 176
36 178
36 180
37 38
37 40
37 52
37 53
37 55
37 57
37 58
37 60
37 61
37 63
37 65
37 66
37 73
37 74
37 76
37 81
37 84
37 85
37 87
37 88
37 89
37 90
37 91
37 93
37 94
37 95
37 96
37 97
37 99
37 101
37 102
37 103
37 105
37 107
37 108
37 109
37 110
37 112
37 114
37 116
37 119
37 121
37 126
37 128
37 131
37 132
37 135
37 137
37 145
37 146
37 151
37 153
37 154
37 155
37 158
37 159
37 160
37 161
37 162
37 163
37 167
37 168
37 169
37 170
37 172
37 174
37 175
37 176
37 179
38 39
38 40
38 42
38 43
38 44
38 45
38 46
38 47
38 48
38 50
38 53
38 54
38 55
38 61
38 65
38 66
38 70
38 71
38 72
38 75
38 79
38 80
38 82
38 83
38 84
38 86
38 89
38 92
38 93
38 96
38 100
38 101
38 102
38 106
38 109
38 111
38 112
38 116
38 117
38 122
38 125
38 127
38 128
38 131
38 132
38 133
38 134
38 136
38 137
38 140
38 144
38 145
38 146
38 148
38 150
38 153
38 155
38 159
38 160
38 161
38 162
38 163
38 166
38 169
38 170
38 173
38 174
38 178
39 40
39 46
39 47
39 49
39 50
39 51
39 59
39 63
39 65
39 66
39 67
39 69
39 70
39 72
39 74
39 75
39 77
39 79
39 80
39 82
39 87
39 88
39 90
39 93
39 94
39 95
39 98
39 99
39 101
39 104
39 107
39 108
39 109
39 111
39 112
39 121
39 123
39 124
39 125
39 133
39 139
39 140
39 141
39 144
39 146
39 147
39 148
39 151
39 152
39 155
39 160
39 164
39 165
39 166
39 167
39 168
39 170
39 171
39 175
39 176
39 177
39 178
39 179
39 180
40 41
40 46
40 47
40 49
40 54
40 55
40 56
40 59
40 60
40 63
40 65
40 66
40 67
40 68
40 69
40 74
40 76
40 77
40 78
40 80
40 83
40 86
40 88
40 89
40 91
40 93
40 97
40 99
40 100
40 101
40 105
40 108
40 110
40 114
40 117
40 118
40 120
40 124
40 127
40 129
40 130
40 136
40 137
40 138
40 139
40 140
40 143
40 144
40 149
40 150
40 154
40 155
40 157
40 159
40 163
40 164
40 165
40 166
40 167
40 171
40 173
40 176
40 178
41 42
41 49
41 52
41 53
41 57
41 60
41 62
41 68
41 69
41 74
41 75
41 77
41 79
41 82
41 85
41 86
41 87
41 89
41 92
41 96
41 99
41 100
41 101
41 103
41 104
41 110
41 111
41 112
41 117
41 118
41 119
41 120
41 124
41 126
41 128
41 129
41 130
41 137
41 138
41 139
41 140
41 145
41 150
41 152
41 153
41 155
41 156
41 157
41 158
41 162
41 164
41 166
41 169
41 170
41 171
41 172
41 173
41 174
41 176
41 179
42 43
42 44
42 45
42 48
42 51
42 52
42 54
42 55
42 56
42 57
42 58
42 59
42 60
42 61
42 62
42 63
42 65
42 67
42 69
42 70
42 73
42 74
42 75
42 77
42 80
42 81
42 83
42 85
42 87
42 88
42 89
42 92
42 93
42 94
42 96
42 98
42 99
42 100
42 104
42 105
42 108
42 109
42 110
42 111
42 114
42 115
42 116
42 118
42 120
42 122
42 123
42 124
42 127
42 128
42 129
42 130
42 131
42 133
42 135
42 136
42 137
42 138
42 140
42 141
42 142
42 144
42 145
42 148
42 150
42 152
42 154
42 155
42 158
42 159
42 168
42 169
42 170
42 171
42 176
42 177
42 179
42 180
43 47
43 48
43 51
43 54
43 55
43 64
43 65
43 71
43 75
43 76
43 78
43 79
43 81
43 82
43 83
43 86
43 87
43 88
43 89
43 91
43 93
43 95
43 96
43 97
43 101
43 103
43 104
43 110
43 113
43 114
43 117
43 119
43 121
43 122
43 124
43 125
43 126
43 127
43 130
43 131
43 133
43 134
43 135
43 136
43 140
43 141
43 142
43 143
43 144
43 146
43 151
43 154
43 157
43 159
43 164
43 165
43 166
43 169
43 172
43 173
43 179
44 50
44 51
44 52
44 55
44 58
44 61
44 63
44 64
44 68
44 70
44 72
44 75
44 77
44 78
44 79
44 80
44 85
44 87
44 90
44 91
44 92
44 93
44 96
44 97
44 99
44 101
44 103
44 107
44 113
44 115
44 116
44 117
44 118
44 122
44 123
44 125
44 126
44 127
44 128
44 131
44 133
44 134
44 138
44 139
44 141
44 142
44 144
44 146
44 148
44 149
44 153
44 156
44 161
44 162
44 163
44 165
44 167
44 169
44 172
44 173
44 176
44 179
44 180
45 46
45 47
45 48
45 49
45 52
45 53
45 55
45 59
45 60
45 65
45 67
45 69
45 72
45 75
45 76
45 77
45 78
45 79
45 85
45 91
45 92
45 94
45 97
45 98
45 99
45 102
45 106
45 107
45 108
45 109
45 111
45 113
45 114
45 118
45 120
45 122
45 123
45 124
45 126
45 128
45 129
45 131
45 133
45 134
45 136
45 139
45 141
45 145
45 147
45 148
45 149
45 150
45 151
45 152
45 153
45 154
45 155
45 156
45 159
45 165
45 166
45 167
45 168
45 169
45 170
45 172
45 173
45 174
45 175
45 176
45 178
45 179
45 180
46 47
46 51
46 52
46 54
46 56
46 57
46 59
46 60
46 61
46 62
46 63
46 66
46 70
46 72
46 76
46 77
46 78
46 80
46 82
46 84
46 89
46 92
46 94
46 95
46 96
46 97
46 99
46 100
46 110
46 111
46 112
46 115
46 117
46 118
46 119
46 120
46 121
46 122
46 124
46 127
46 131
46 133
46 136
46 137
46 138
46 139
46 140
46 141
46 143
46 144
46 145
46 147
46 148
46 149
46 150
46 152
46 156
46 157
46 158
46 159
46 161
46 162
46 163
46 167
46 171
46 172
46 173
46 175
46 176
46 178
47 48
47 49
47 50
47 52
47 57
47 60
47 64
47 65
47 66
47 68
47 71
47 72
47 73
47 76
47 78
47 79
47 85
47 86
47 87
47 88
47 91
47 94
47 95
47 98
47 99
47 101
47 102
47 103
47 104
47 107
47 110
47 114
47 115
47 117
47 119
47 121
47 122
47 125
47 126
47 127
47 129
47 131
47 132
47 133
47 134
47 136
47 141
47 142
47 143
47 144
47 146
47 148
47 150
47 151
47 152
47 153
47 154
47 156
47 158
47 159
47 160
47 161
47 162
47 164
47 165
47 166
47 167
47 168
47 171
47 175
47 176
47 177
47 179
47 180
48 50
48 53
48 54
48 56
48 57
48 60
48 61
48 62
48 63
48 65
48 67
48 69
48 71
48 73
48 75
48 76
48 77
48 80
48 81
48 83
48 84
48 86
48 88
48 89
48 90
48 93
48 94
48 95
48 97
48 99
48 100
48 101
48 103
48 104
48 105
48 110
48 113
48 115
48 116
48 118
48 121
48 122
48 126
48 128
48 129
48 130
48 131
48 132
48 133
48 135
48 139
48 143
48 144
48 146
48 147
48 149
48 150
48 151
48 152
48 153
48 154
48 155
48 157
48 158
48 163
48 164
48 166
48 168
48 171
48 173
48 175
48 178
48 179
48 180
49 50
49 52
49 53
49 56
49 58
49 59
49 60
49 63
49 64
49 65
49 68
49 70
49 71
49 72
49 73
49 77
49 78
49 82
49 89
49 90
49 91
49 93
49 96
49 97
49 99
49 101
49 102
49 104
49 105
49 109
49 110
49 113
49 116
49 117
49 124
49 125
49 128
49 131
49 133
49 135
49 137
49 138
49 140
49 147
49 148
49 149
49 153
49 156
49 158
49 161
49 162
49 163
49 165
49 166
49 168
49 170
49 176
49 178
49 180
50 52
50 53
50 54
50 56
50 57
50 58
50 59
50 60
50 61
50 62
50 64
50 66
50 67
50 70
50 73
50 77
50 80
50 81
50 82
50 86
50 88
50 89
50 91
50 92
50 95
50 98
50 103
50 107
50 109
50 110
50 111
50 113
50 114
50 115
50 117
50 118
50 121
50 124
50 125
50 128
50 131
50 132
50 135
50 136
50 138
50 140
50 141
50 142
50 143
50 144
50 145
50 146
50 148
50 149
50 150
50 152
50 153
50 154
50 157
50 162
50 165
50 166
50 170
50 171
50 172
50 174
50 175
50 179
51 52
51 54
51 60
51 62
51 65
51 66
51 68
51 70
51 71
51 74
51 75
51 76
51 77
51 78
51 82
51 83
51 84
51 85
51 88
51 93
51 97
51 98
51 99
51 101
51 103
51 110
51 114
51 115
51 116
51 118
51 119
51 122
51 123
51 125
51 127
51 128
51 130
51 132
51 133
51 139
51 146
51 147
51 151
51 154
51 156
51 157
51 159
51 160
51 162
51 163
51 169
51 171
51 172
51 173
51 175
51 176
51 177
51 178
51 179
52 53
52 61
52 62
52 68
52 69
52 71
52 74
52 77
52 81
52 83
52 84
52 85
52 86
52 88
52 93
52 94
52 95
52 97
52 99
52 100
52 101
52 103
52 104
52 106
52 107
52 108
52 109
52 114
52 118
52 121
52 123
52 126
52 127
52 132
52 136
52 137
52 139
52 140
52 141
52 142
52 146
52 147
52 149
52 152
52 154
52 157
52 158
52 160
52 165
52 166
52 167
52 168
52 169
52 176
52 179
52 180
53 55
53 56
53 57
53 59
53 64
53 66
53 69
53 70
53 72
53 74
53 75
53 76
53 77
53 80
53 81
53 82
53 83
53 86
53 87
53 88
53 89
53 91
53 92
53 94
53 95
53 96
53 97
53 98
53 101
53 105
53 106
53 109
53 110
53 111
53 112
53 118
53 121
53 122
53 123
53 125
53 127
53 128
53 129
53 130
53 132
53 133
53 135
53 139
53 140
53 143
53 145
53 149
53 154
53 159
53 163
53 166
53 168
53 169
53 170
53 176
53 180
54 55
54 56
54 60
54 62
54 63
54 64
54 65
54 66
54 67
54 68
54 70
54 71
54 72
54 74
54 76
54 81
54 82
54 88
54 90
54 91
54 92
54 93
54 94
54 96
54 98
54 99
54 104
54 106
54 110
54 113
54 114
54 121
54 122
54 124
54 127
54 128
54 129
54 131
54 133
54 134
54 135
54 136
54 137
54 141
54 142
54 143
54 144
54 145
54 146
54 148
54 149
54 150
54 151
54 152
54 162
54 163
54 164
54 166
54 167
54 169
54 173
54 174
54 177
54 179
54 180
55 56
55 60
55 61
55 62
55 64
55 67
55 68
55 69
55 70
55 71
55 74
55 75
55 76
55 77
55 78
55 79
55 81
55 82
55 85
55 86
55 87
55 88
55 93
55 97
55 99
55 100
55 101
55 102
55 105
55 106
55 109
55 111
55 114
55 116
55 117
55 119
55 120
55 123
55 124
55 125
55 127
55 131
55 132
55 135
55 136
55 137
55 141
55 143
55 145
55 146
55 147
55 151
55 152
55 154
55 156
55 160
55 162
55 163
55 165
55 166
55 167
55 168
55 170
55 171
55 172
55 173
55 176
55 177
55 178
55 179
55 180
56 64
56 67
56 68
56 71
56 72
56 73
56 76
56 77
56 78
56 80
56 82
56 84
56 85
56 87
56 88
56 89
56 90
56 91
56 92
56 93
56 95
56 96
56 97
56 98
56 99
56 103
56 104
56 105
56 108
56 109
56 112
56 113
56 114
56 115
56 116
56 117
56 119
56 122
56 123
56 126
56 130
56 132
56 134
56 135
56 136
56 137
56 138
56 139
56 141
56 142
56 143
56 147
56 151
56 153
56 156
56 158
56 159
56 164
56 167
56 168
56 169
56 170
56 172
56 173
56 175
56 177
56 178
56 179
56 180
57 60
57 61
57 62
57 64
57 65
57 66
57 67
57 68
57 70
57 71
57 72
57 74
57 77
57 78
57 80
57 82
57 83
57 84
57 87
57 88
57 89
57 91
57 92
57 93
57 94
57 96
57 99
57 102
57 103
57 110
57 111
57 112
57 114
57 115
57 118
57 121
57 123
57 124
57 125
57 126
57 133
57 135
57 136
57 137
57 138
57 139
57 140
57 141
57 145
57 146
57 147
57 149
57 151
57 152
57 153
57 154
57 157
57 160
57 162
57 163
57 166
57 167
57 168
57 171
57 172
57 176
57 178
57 179
57 180
58 62
58 63
58 66
58 68
58 69
58 70
58 71
58 73
58 75
58 78
58 79
58 80
58 81
58 83
58 84
58 85
58 86
58 87
58 90
58 91
58 94
58 96
58 98
58 99
58 100
58 102
58 104
58 105
58 109
58 116
58 117
58 118
58 120
58 121
58 125
58 126
58 132
58 133
58 134
58 140
58 142
58 146
58 147
58 150
58 152
58 153
58 155
58 156
58 160
58 162
58 165
58 166
58 168
58 171
58 172
58 176
58 178
58 180
59 60
59 61
59 62
59 63
59 66
59 68
59 70
59 71
59 76
59 77
59 78
59 79
59 83
59 86
59 89
59 93
59 97
59 101
59 104
59 106
59 108
59 109
59 110
59 111
59 112
59 113
59 115
59 116
59 117
59 119
59 120
59 121
59 124
59 125
59 126
59 127
59 130
59 131
59 132
59 134
59 138
59 139
59 140
59 141
59 149
59 150
59 154
59 156
59 157
59 159
59 163
59 164
59 165
59 169
59 171
59 173
59 174
59 176
59 177
59 178
59 179
59 180
60 61
60 62
60 63
60 65
60 66
60 67
60 68
60 69
60 73
60 74
60 75
60 76
60 77
60 78
60 79
60 82
60 84
60 86
60 89
60 90
60 91
60 92
60 93
60 94
60 95
60 97
60 99
60 101
60 102
60 103
60 105
60 106
60 109
60 113
60 114
60 115
60 116
60 118
60 119
60 120
60 122
60 124
60 125
60 126
60 127
60 128
60 129
60 134
60 135
60 136
60 137
60 139
60 141
60 142
60 143
60 146
60 148
60 152
60 158
60 159
60 160
60 164
60 166
60 167
60 168
60 169
60 170
60 171
60 174
60 175
60 177
60 179
60 180
61 65
61 66
61 69
61 72
61 73
61 74
61 75
61 79
61 80
61 81
61 82
61 84
61 85
61 87
61 88
61 91
61 92
61 94
61 95
61 97
61 100
61 102
61 103
61 105
61 106
61 109
61 112
61 113
61 119
61 123
61 130
61 132
61 134
61 135
61 137
61 139
61 140
61 142
61 143
61 144
61 147
61 148
61 150
61 151
61 154
61 156
61 158
61 159
61 161
61 164
61 165
61 166
61 167
61 168
61 171
61 175
61 178
61 180
62 64
62 65
62 72
62 74
62 77
62 80
62 81
62 82
62 83
62 86
62 89
62 90
62 91
62 95
62 97
62 98
62 99
62 100
62 102
62 104
62 109
62 111
62 114
62 116
62 119
62 120
62 125
62 126
62 127
62 128
62 129
62 130
62 132
62 133
62 138
62 142
62 144
62 147
62 148
62 152
62 157
62 161
62 163
62 164
62 166
62 169
62 170
62 173
62 174
62 179
62 180
63 65
63 66
63 68
63 71
63 72
63 73
63 78
63 81
63 83
63 84
63 85
63 87
63 88
63 89
63 90
63 92
63 93
63 94
63 100
63 101
63 105
63 107
63 108
63 110
63 112
63 113
63 114
63 115
63 118
63 119
63 120
63 121
63 122
63 123
63 125
63 127
63 128
63 129
63 130
63 132
63 134
63 136
63 140
63 144
63 147
63 151
63 154
63 155
63 156
63 158
63 161
63 163
63 164
63 165
63 166
63 168
63 170
63 176
63 177
63 178
63 180
64 66
64 69
64 71
64 74
64 75
64 77
64 78
64 79
64 81
64 83
64 84
64 86
64 87
64 88
64 89
64 90
64 94
64 97
64 99
64 100
64 102
64 103
64 108
64 113
64 114
64 115
64 116
64 117
64 119
64 120
64 126
64 129
64 130
64 133
64 136
64 138
64 139
64 142
64 143
64 145
64 148
64 149
64 151
64 152
64 153
64 155
64 157
64 158
64 162
64 164
64 165
64 167
64 172
64 173
64 174
64 175
64 176
64 177
64 179
65 67
65 68
65 69
65 70
65 72
65 75
65 77
65 79
65 80
65 81
65 83
65 84
65 85
65 86
65 87
65 88
65 92
65 95
65 96
65 100
65 102
65 103
65 104
65 106
65 111
65 112
65 113
65 115
65 116
65 120
65 122
65 123
65 124
65 125
65 126
65 127
65 128
65 129
65 130
65 132
65 137
65 141
65 147
65 149
65 151
65 154
65 155
65 157
65 159
65 160
65 161
65 163
65 165
65 166
65 167
65 169
65 170
65 171
65 172
65 173
65 174
65 175
66 68
66 70
66 71
66 72
66 73
66 75
66 76
66 78
66 80
66 82
66 83
66 87
66 96
66 99
66 100
66 102
66 103
66 107
66 111
66 113
66 118
66 121
66 122
66 126
66 127
66 132
66 136
66 137
66 138
66 139
66 140
66 144
66 146
66 147
66 148
66 149
66 150
66 153
66 154
66 155
66 156
66 157
66 158
66 159
66 160
66 161
66 163
66 165
66 168
66 169
66 170
66 171
66 172
66 173
66 175
66 176
66 177
67 68
67 69
67 73
67 74
67 75
67 76
67 80
67 82
67 87
67 89
67 90
67 93
67 95
67 98
67 99
67 100
67 103
67 104
67 105
67 107
67 109
67 111
67 112
67 113
67 116
67 117
67 119
67 121
67 122
67 123
67 124
67 125
67 128
67 129
67 130
67 131
67 132
67 133
67 135
67 137
67 142
67 144
67 148
67 150
67 151
67 154
67 156
67 157
67 158
67 159
67 160
67 167
67 168
67 171
67 172
67 176
67 179
67 180
68 70
68 71
68 73
68 74
68 75
68 76
68 80
68 81
68 82
68 87
68 89
68 90
68 92
68 96
68 97
68 99
68 100
68 102
68 105
68 110
68 111
68 112
68 113
68 115
68 117
68 122
68 123
68 129
68 130
68 131
68 134
68 135
68 136
68 137
68 139
68 140
68 141
68 144
68 145
68 149
68 152
68 161
68 163
68 166
68 168
68 169
68 170
68 171
68 172
68 173
68 174
68 177
68 178
68 180
69 72
69 79
69 81
69 83
69 84
69 85
69 87
69 91
69 93
69 94
69 98
69 100
69 101
69 102
69 103
69 107
69 108
69 110
69 112
69 113
69 117
69 122
69 124
69 126
69 127
69 129
69 130
69 132
69 135
69 136
69 137
69 138
69 141
69 143
69 145
69 146
69 147
69 150
69 153
69 154
69 160
69 161
69 163
69 164
69 166
69 167
69 168
69 172
69 174
69 175
69 177
70 71
70 74
70 80
70 81
70 83
70 84
70 85
70 87
70 90
70 93
70 103
70 104
70 107
70 109
70 111
70 117
70 119
70 120
70 126
70 127
70 129
70 130
70 132
70 134
70 135
70 136
70 142
70 144
70 145
70 146
70 148
70 149
70 153
70 155
70 156
70 157
70 158
70 160
70 162
70 165
70 166
70 167
70 168
70 169
70 170
70 175
70 177
70 178
70 179
70 180
71 74
71 75
71 78
71 80
71 81
71 82
71 83
71 84
71 87
71 88
71 90
71 91
71 92
71 93
71 97
71 99
71 101
71 107
71 110
71 112
71 113
71 114
71 117
71 118
71 119
71 120
71 123
71 125
71 126
71 127
71 128
71 129
71 131
71 132
71 133
71 140
71 141
71 144
71 146
71 147
71 154
71 156
71 159
71 160
71 162
71 166
71 167
71 168
71 171
71 172
71 174
71 180
72 80
72 82
72 83
72 84
72 85
72 86
72 91
72 97
72 98
72 99
72 111
72 116
72 119
72 120
72 121
72 122
72 124
72 125
72 127
72 129
72 134
72 135
72 136
72 137
72 139
72 140
72 141
72 144
72 145
72 146
72 147
72 148
72 150
72 153
72 157
72 159
72 161
72 162
72 164
72 167
72 168
72 170
72 172
72 173
72 174
72 175
72 177
72 178
72 179
73 76
73 78
73 81
73 83
73 84
73 90
73 91
73 92
73 94
73 97
73 100
73 101
73 103
73 104
73 105
73 107
73 113
73 114
73 116
73 117
73 118
73 119
73 120
73 122
73 123
73 128
73 130
73 131
73 134
73 135
73 137
73 141
73 142
73 143
73 144
73 148
73 150
73 151
73 155
73 157
73 158
73 160
73 161
73 169
73 170
73 171
73 172
73 174
73 175
73 176
73 180
74 75
74 77
74 82
74 84
74 85
74 86
74 89
74 90
74 92
74 94
74 97
74 104
74 105
74 108
74 109
74 110
74 111
74 113
74 115
74 116
74 117
74 123
74 125
74 126
74 127
74 128
74 129
74 133
74 134
74 135
74 136
74 138
74 147
74 148
74 149
74 151
74 153
74 154
74 161
74 162
74 163
74 165
74 167
74 168
74 170
74 172
74 173
74 175
74 177
74 178
74 179
74 180
75 76
75 80
75 81
75 86
75 87
75 88
75 90
75 91
75 92
75 94
75 96
75 97
75 98
75 100
75 101
75 103
75 104
75 109
75 110
75 111
75 112
75 113
75 114
75 116
75 121
75 122
75 123
75 126
75 127
75 128
75 130
75 134
75 135
75 136
75 139
75 141
75 144
75 145
75 146
75 147
75 151
75 152
75 153
75 154
75 155
75 160
75 161
75 162
75 164
75 166
75 167
75 169
75 171
75 172
75 173
75 174
75 175
75 177
75 178
76 82
76 85
76 86
76 87
76 88
76 93
76 94
76 96
76 97
76 101
76 102
76 103
76 106
76 108
76 110
76 113
76 114
76 116
76 117
76 119
76 123
76 124
76 126
76 127
76 128
76 129
76 132
76 134
76 136
76 137
76 138
76 141
76 142
76 145
76 150
76 155
76 157
76 158
76 167
76 169
76 170
76 173
76 174
76 176
76 178
76 180
77 78
77 79
77 82
77 83
77 86
77 87
77 88
77 89
77 91
77 92
77 93
77 95
77 96
77 97
77 98
77 99
77 100
77 105
77 108
77 109
77 113
77 115
77 117
77 118
77 119
77 122
77 123
77 124
77 129
77 131
77 132
77 134
77 138
77 142
77 144
77 146
77 147
77 148
77 149
77 150
77 154
77 155
77 157
77 158
77 159
77 161
77 165
77 167
77 170
77 171
77 172
77 174
77 175
77 176
77 178
77 180
78 88
78 92
78 97
78 98
78 99
78 100
78 101
78 102
78 103
78 104
78 107
78 109
78 110
78 118
78 119
78 120
78 121
78 122
78 129
78 134
78 136
78 137
78 140
78 146
78 150
78 153
78 154
78 156
78 159
78 162
78 164
78 166
78 167
78 170
78 172
78 174
78 175
78 176
78 179
78 180
79 80
79 81
79 82
79 83
79 84
79 85
79 86
79 87
79 88
79 91
79 93
79 94
79 96
79 99
79 100
79 102
79 103
79 108
79 109
79 111
79 112
79 113
79 117
79 118
79 121
79 124
79 125
79 127
79 128
79 129
79 130
79 133
79 136
79 137
79 138
79 141
79 142
79 143
79 146
79 151
79 153
79 154
79 155
79 160
79 162
79 165
79 170
79 171
79 173
79 174
79 175
79 176
79 177
79 178
79 179
80 82
80 83
80 84
80 86
80 87
80 89
80 90
80 91
80 94
80 96
80 97
80 98
80 100
80 101
80 103
80 104
80 105
80 106
80 107
80 108
80 109
80 112
80 113
80 115
80 117
80 120
80 123
80 124
80 129
80 132
80 134
80 135
80 136
80 139
80 141
80 142
80 143
80 144
80 145
80 147
80 149
80 153
80 155
80 156
80 157
80 159
80 161
80 162
80 163
80 165
80 167
80 169
80 170
80 173
80 174
80 175
80 180
81 83
81 84
81 87
81 88
81 90
81 92
81 94
81 96
81 97
81 98
81 99
81 104
81 106
81 110
81 112
81 115
81 117
81 118
81 120
81 121
81 122
81 123
81 124
81 125
81 126
81 127
81 130
81 131
81 133
81 135
81 136
81 137
81 140
81 141
81 142
81 146
81 150
81 151
81 153
81 154
81 155
81 156
81 158
81 161
81 163
81 164
81 167
81 168
81 169
81 170
81 172
81 175
82 83
82 84
82 86
82 88
82 89
82 92
82 94
82 95
82 96
82 99
82 100
82 102
82 103
82 104
82 105
82 110
82 111
82 116
82 118
82 121
82 122
82 126
82 127
82 130
82 131
82 133
82 134
82 136
82 137
82 138
82 142
82 144
82 145
82 146
82 148
82 149
82 151
82 152
82 153
82 154
82 155
82 162
82 166
82 167
82 168
82 169
82 172
82 173
82 177
82 179
82 180
83 84
83 85
83 88
83 90
83 91
83 94
83 95
83 98
83 99
83 100
83 102
83 106
83 108
83 109
83 110
83 112
83 117
83 118
83 119
83 120
83 122
83 124
83 125
83 126
83 127
83 133
83 136
83 140
83 142
83 143
83 144
83 145
83 146
83 147
83 149
83 151
83 152
83 153
83 155
83 156
83 161
83 164
83 165
83 167
83 171
83 173
83 174
83 175
83 178
83 179
84 88
84 89
84 90
84 92
84 95
84 96
84 103
84 104
84 106
84 108
84 110
84 111
84 113
84 114
84 115
84 116
84 118
84 120
84 121
84 122
84 123
84 124
84 125
84 126
84 127
84 132
84 135
84 136
84 137
84 138
84 141
84 142
84 143
84 144
84 145
84 146
84 148
84 150
84 154
84 155
84 156
84 158
84 159
84 161
84 164
84 165
84 166
84 167
84 169
84 175
84 177
85 86
85 87
85 88
85 89
85 90
85 92
85 94
85 95
85 96
85 98
85 101
85 103
85 104
85 106
85 108
85 109
85 110
85 115
85 116
85 117
85 118
85 119
85 123
85 128
85 130
85 132
85 134
85 135
85 137
85 139
85 142
85 144
85 145
85 154
85 155
85 156
85 157
85 158
85 159
85 163
85 165
85 167
85 170
85 172
85 173
85 174
85 178
85 179
85 180
86 88
86 90
86 91
86 94
86 97
86 98
86 100
86 101
86 102
86 104
86 105
86 107
86 108
86 110
86 111
86 112
86 115
86 117
86 122
86 124
86 125
86 126
86 127
86 128
86 130
86 131
86 132
86 133
86 135
86 137
86 139
86 142
86 145
86 146
86 148
86 150
86 152
86 153
86 155
86 156
86 157
86 158
86 161
86 163
86 164
86 165
86 166
86 169
86 170
86 172
86 173
86 175
86 178
86 180
87 88
87 89
87 94
87 95
87 98
87 99
87 100
87 103
87 104
87 107
87 118
87 120
87 121
87 126
87 127
87 129
87 136
87 141
87 144
87 145
87 147
87 148
87 149
87 150
87 152
87 157
87 158
87 162
87 163
87 164
87 165
87 166
87 170
87 172
87 174
87 179
88 91
88 94
88 96
88 99
88 101
88 103
88 104
88 107
88 109
88 111
88 112
88 115
88 119
88 123
88 125
88 126
88 127
88 131
88 134
88 136
88 138
88 139
88 143
88 145
88 146
88 148
88 150
88 151
88 152
88 153
88 155
88 156
88 157
88 158
88 160
88 161
88 162
88 164
88 169
88 171
88 173
88 174
88 175
88 176
88 177
88 179
89 90
89 91
89 96
89 102
89 103
89 104
89 110
89 111
89 112
89 113
89 116
89 118
89 119
89 120
89 121
89 122
89 123
89 124
89 126
89 127
89 128
89 129
89 132
89 134
89 135
89 138
89 139
89 140
89 142
89 145
89 148
89 149
89 150
89 151
89 152
89 157
89 160
89 161
89 162
89 165
89 167
89 168
89 169
89 170
89 171
89 173
89 175
89 179
90 92
90 93
90 95
90 96
90 98
90 101
90 102
90 103
90 105
90 106
90 107
90 108
90 110
90 112
90 113
90 114
90 115
90 118
90 119
90 121
90 122
90 124
90 125
90 128
90 129
90 131
90 135
90 136
90 138
90 141
90 142
90 143
90 150
90 151
90 159
90 168
90 169
90 172
90 173
90 177
90 179
90 180
91 93
91 95
91 98
91 99
91 107
91 108
91 109
91 112
91 120
91 121
91 122
91 123
91 131
91 134
91 135
91 136
91 137
91 139
91 144
91 145
91 148
91 149
91 152
91 153
91 154
91 155
91 156
91 158
91 161
91 162
91 164
91 165
91 166
91 168
91 169
91 172
91 173
91 174
91 177
91 178
92 93
92 94
92 95
92 96
92 101
92 102
92 103
92 105
92 106
92 109
92 112
92 113
92 117
92 118
92 121
92 122
92 123
92 124
92 127
92 128
92 131
92 133
92 139
92 143
92 147
92 148
92 149
92 150
92 152
92 153
92 155
92 156
92 157
92 159
92 162
92 163
92 166
92 168
92 171
92 173
92 175
92 179
92 180
93 96
93 98
93 99
93 100
93 101
93 102
93 104
93 106
93 109
93 111
93 112
93 114
93 116
93 118
93 119
93 120
93 121
93 123
93 124
93 125
93 126
93 129
93 134
93 136
93 137
93 139
93 140
93 143
93 145
93 148
93 150
93 155
93 157
93 159
93 160
93 161
93 162
93 164
93 168
93 171
93 172
93 176
93 179
94 96
94 99
94 100
94 101
94 102
94 105
94 107
94 109
94 110
94 112
94 120
94 122
94 123
94 125
94 126
94 127
94 129
94 130
94 132
94 134
94 135
94 137
94 140
94 142
94 144
94 150
94 151
94 152
94 153
94 154
94 155
94 157
94 158
94 159
94 161
94 165
94 167
94 168
94 169
94 171
94 175
94 177
94 180
95 99
95 101
95 103
95 106
95 107
95 108
95 109
95 110
95 114
95 115
95 121
95 122
95 123
95 125
95 127
95 132
95 134
95 138
95 139
95 140
95 141
95 142
95 143
95 144
95 148
95 153
95 154
95 156
95 157
95 161
95 163
95 164
95 166
95 167
95 170
95 175
95 177
95 179
95 180
96 97
96 100
96 101
96 106
96 108
96 109
96 111
96 114
96 116
96 117
96 118
96 122
96 123
96 124
96 125
96 126
96 127
96 130
96 132
96 133
96 136
96 138
96 140
96 143
96 145
96 147
96 148
96 149
96 152
96 156
96 157
96 159
96 164
96 166
96 171
96 176
96 178
97 98
97 105
97 106
97 107
97 108
97 109
97 110
97 111
97 112
97 115
97 120
97 129
97 130
97 131
97 133
97 135
97 137
97 140
97 142
97 143
97 144
97 147
97 150
97 151
97 152
97 153
97 154
97 155
97 156
97 157
97 162
97 164
97 165
97 166
97 168
97 169
97 170
97 171
97 172
97 175
97 176
97 177
97 178
97 180
98 99
98 101
98 105
98 106
98 107
98 112
98 113
98 117
98 119
98 121
98 122
98 123
98 125
98 126
98 127
98 128
98 130
98 134
98 141
98 142
98 143
98 146
98 147
98 152
98 158
98 160
98 161
98 162
98 163
98 164
98 165
98 167
98 168
98 169
98 173
98 175
98 177
98 178
98 179
99 105
99 107
99 108
99 109
99 112
99 114
99 118
99 119
99 125
99 126
99 127
99 128
99 129
99 132
99 134
99 135
99 137
99 138
99 140
99 142
99 144
99 148
99 150
99 152
99 153
99 156
99 160
99 161
99 164
99 166
99 169
99 170
99 171
99 175
99 178
100 101
100 102
100 105
100 107
100 108
100 109
100 115
100 117
100 118
100 119
100 121
100 124
100 125
100 126
100 127
100 129
100 130
100 131
100 132
100 135
100 136
100 137
100 139
100 140
100 145
100 148
100 149
100 150
100 152
100 153
100 154
100 155
100 159
100 160
100 162
100 164
100 165
100 166
100 167
100 171
100 174
100 175
100 176
100 177
100 178
100 179
100 180
101 102
101 108
101 109
101 110
101 111
101 112
101 114
101 116
101 118
101 120
101 122
101 125
101 126
101 131
101 132
101 133
101 135
101 140
101 142
101 144
101 145
101 146
101 147
101 152
101 153
101 154
101 155
101 156
101 157
101 160
101 162
101 163
101 164
101 166
101 168
101 169
101 170
101 172
101 173
101 175
101 176
101 179
101 180
102 105
102 106
102 107
102 108
102 110
102 112
102 118
102 120
102 123
102 124
102 127
102 128
102 129
102 130
102 132
102 133
102 134
102 135
102 136
102 138
102 139
102 141
102 147
102 148
102 149
102 150
102 151
102 152
102 155
102 159
102 160
102 162
102 163
102 164
102 173
102 177
102 178
102 179
102 180
103 104
103 107
103 108
103 111
103 115
103 117
103 118
103 120
103 122
103 126
103 127
103 130
103 135
103 138
103 139
103 140
103 141
103 144
103 146
103 148
103 152
103 153
103 154
103 155
103 161
103 163
103 164
103 165
103 168
103 169
103 170
103 171
103 172
103 173
103 174
103 175
103 180
104 105
104 106
104 107
104 108
104 109
104 112
104 114
104 116
104 118
104 125
104 126
104 127
104 129
104 130
104 132
104 133
104 135
104 136
104 137
104 138
104 139
104 141
104 142
104 145
104 146
104 147
104 150
104 153
104 154
104 155
104 156
104 157
104 160
104 161
104 166
104 167
104 171
104 173
104 174
104 177
104 179
105 108
105 112
105 115
105 116
105 117
105 118
105 120
105 121
105 123
105 124
105 125
105 126
105 132
105 133
105 134
105 135
105 138
105 140
105 142
105 143
105 144
105 147
105 149
105 151
105 152
105 153
105 155
105 157
105 161
105 163
105 164
105 166
105 168
105 171
105 172
105 173
105 174
105 176
106 109
106 111
106 115
106 116
106 117
106 118
106 121
106 124
106 126
106 127
106 128
106 130
106 132
106 133
106 141
106 142
106 145
106 146
106 150
106 151
106 154
106 156
106 157
106 158
106 159
106 161
106 163
106 164
106 168
106 169
106 174
106 176
106 179
106 180
107 108
107 112
107 113
107 116
107 120
107 121
107 124
107 125
107 128
107 129
107 131
107 132
107 133
107 135
107 136
107 139
107 142
107 144
107 145
107 147
107 148
107 149
107 152
107 153
107 155
107 158
107 159
107 162
107 163
107 165
107 166
107 168
107 169
107 174
107 175
107 177
107 180
108 110
108 112
108 114
108 118
108 120
108 123
108 125
108 128
108 129
108 130
108 132
108 133
108 146
108 148
108 151
108 152
108 154
108 157
108 160
108 161
108 162
108 163
108 164
108 165
108 166
108 170
108 171
108 173
108 174
108 179
109 110
109 112
109 113
109 114
109 118
109 119
109 121
109 122
109 126
109 127
109 129
109 130
109 133
109 134
109 135
109 136
109 137
109 141
109 142
109 143
109 146
109 147
109 148
109 149
109 151
109 159
109 160
109 161
109 162
109 163
109 169
109 173
109 175
109 177
109 178
109 179
109 180
110 111
110 115
110 116
110 117
110 119
110 120
110 121
110 122
110 123
110 124
110 125
110 131
110 132
110 134
110 137
110 140
110 141
110 143
110 144
110 146
110 156
110 157
110 159
110 160
110 162
110 164
110 167
110 172
110 173
110 175
110 177
110 178
111 112
111 114
111 116
111 117
111 119
111 121
111 123
111 127
111 129
111 131
111 133
111 134
111 139
111 141
111 144
111 146
111 147
111 149
111 151
111 153
111 154
111 155
111 161
111 164
111 166
111 167
111 170
111 171
111 173
111 175
111 177
112 115
112 116
112 117
112 118
112 122
112 124
112 125
112 126
112 127
112 128
112 131
112 132
112 134
112 135
112 136
112 140
112 141
112 147
112 152
112 158
112 159
112 161
112 164
112 165
112 169
112 172
112 173
112 175
112 176
112 180
113 114
113 116
113 117
113 121
113 128
113 132
113 133
113 134
113 135
113 138
113 139
113 140
113 147
113 150
113 151
113 152
113 153
113 155
113 156
113 157
113 159
113 161
113 162
113 163
113 165
113 167
113 170
113 171
113 175
113 176
113 177
113 178
113 179
113 180
114 115
114 119
114 122
114 124
114 125
114 126
114 128
114 129
114 130
114 131
114 132
114 133
114 134
114 135
114 136
114 138
114 139
114 140
114 141
114 143
114 149
114 153
114 155
114 157
114 158
114 159
114 162
114 164
114 166
114 168
114 169
114 171
114 173
114 174
114 175
114 176
114 177
114 178
114 180
115 116
115 118
115 121
115 124
115 125
115 126
115 127
115 129
115 130
115 132
115 136
115 137
115 138
115 140
115 141
115 142
115 144
115 146
115 147
115 148
115 149
115 150
115 154
115 155
115 156
115 159
115 161
115 163
115 165
115 170
115 171
115 172
115 173
115 174
115 175
115 179
115 180
116 117
116 118
116 120
116 122
116 124
116 128
116 129
116 132
116 133
116 137
116 138
116 140
116 142
116 143
116 145
116 146
116 148
116 149
116 152
116 157
116 159
116 161
116 162
116 163
116 164
116 166
116 168
116 169
116 170
116 175
116 176
116 178
117 118
117 120
117 121
117 129
117 132
117 133
117 134
117 135
117 141
117 143
117 144
117 145
117 147
117 150
117 152
117 155
117 156
117 157
117 158
117 159
117 161
117 162
117 165
117 166
117 167
117 168
117 172
117 174
117 176
117 178
117 180
118 120
118 121
118 126
118 128
118 129
118 131
118 132
118 133
118 135
118 136
118 138
118 141
118 143
118 144
118 145
118 149
118 152
118 153
118 154
118 155
118 156
118 158
118 159
118 160
118 161
118 164
118 168
118 173
118 178
118 179
119 120
119 121
119 128
119 129
119 134
119 135
119 136
119 138
119 146
119 148
119 149
119 150
119 152
119 153
119 155
119 156
119 162
119 168
119 169
119 173
119 174
119 175
119 179
119 180
120 121
120 126
120 127
120 128
120 134
120 135
120 138
120 140
120 141
120 144
120 145
120 149
120 150
120 153
120 155
120 160
120 162
120 164
120 165
120 168
120 170
120 171
120 174
120 176
120 177
120 178
120 180
121 123
121 124
121 125
121 126
121 127
121 128
121 129
121 131
121 133
121 135
121 136
121 137
121 140
121 142
121 143
121 144
121 147
121 148
121 150
121 151
121 153
121 154
121 155
121 156
121 157
121 159
121 162
121 165
121 166
121 167
121 169
121 171
121 173
121 174
121 175
121 176
121 177
121 179
121 180
122 125
122 126
122 127
122 128
122 131
122 135
122 137
122 140
122 145
122 146
122 148
122 149
122 154
122 155
122 156
122 158
122 160
122 161
122 162
122 165
122 167
122 168
122 170
122 172
122 173
122 174
122 178
122 180
123 124
123 125
123 127
123 128
123 129
123 131
123 133
123 134
123 137
123 144
123 145
123 147
123 148
123 149
123 150
123 154
123 156
123 161
123 167
123 170
123 174
123 175
123 179
123 180
124 125
124 126
124 128
124 130
124 132
124 133
124 134
124 135
124 136
124 137
124 138
124 141
124 144
124 145
124 147
124 151
124 152
124 155
124 156
124 157
124 160
124 161
124 162
124 163
124 164
124 167
124 171
124 173
124 180
125 127
125 129
125 130
125 131
125 132
125 134
125 135
125 137
125 139
125 142
125 146
125 149
125 150
125 153
125 156
125 160
125 161
125 162
125 163
125 166
125 168
125 169
125 170
125 171
125 174
125 175
125 178
125 180
126 127
126 128
126 132
126 133
126 135
126 140
126 141
126 143
126 148
126 150
126 151
126 152
126 153
126 154
126 157
126 158
126 159
126 161
126 163
126 165
126 167
126 168
126 171
126 172
126 175
126 176
126 177
126 178
126 179
126 180
127 130
127 135
127 138
127 140
127 141
127 142
127 143
127 144
127 145
127 146
127 147
127 148
127 150
127 151
127 152
127 154
127 155
127 156
127 157
127 159
127 161
127 163
127 164
127 170
127 173
127 175
127 178
127 179
128 130
128 133
128 138
128 139
128 141
128 142
128 144
128 147
128 151
128 153
128 159
128 161
128 162
128 163
128 165
128 167
128 168
128 169
128 170
128 171
128 172
128 173
128 174
128 175
128 177
128 178
128 180
129 134
129 139
129 142
129 144
129 146
129 147
129 150
129 151
129 153
129 156
129 158
129 161
129 163
129 164
129 165
129 167
129 168
129 169
129 170
129 171
129 175
129 176
129 177
129 178
129 179
130 131
130 132
130 134
130 136
130 137
130 138
130 139
130 141
130 147
130 149
130 151
130 152
130 153
130 158
130 160
130 161
130 162
130 166
130 167
130 168
130 169
130 170
130 171
130 173
130 175
130 176
130 178
130 179
131 133
131 134
131 135
131 140
131 141
131 142
131 144
131 146
131 152
131 153
131 155
131 156
131 161
131 162
131 164
131 165
131 166
131 169
131 170
131 172
131 173
131 174
131 176
131 177
132 133
132 136
132 139
132 143
132 144
132 146
132 150
132 151
132 153
132 156
132 157
132 159
132 160
132 161
132 162
132 163
132 166
132 168
132 169
132 170
132 171
132 172
132 178
132 179
132 180
133 134
133 141
133 143
133 144
133 145
133 148
133 149
133 155
133 156
133 157
133 160
133 163
133 166
133 167
133 168
133 169
133 170
133 173
133 174
133 179
133 180
134 135
134 136
134 137
134 140
134 143
134 144
134 146
134 151
134 156
134 159
134 162
134 164
134 165
134 170
134 171
134 172
134 173
134 180
135 136
135 137
135 143
135 144
135 145
135 147
135 148
135 150
135 151
135 154
135 156
135 158
135 159
135 160
135 161
135 163
135 164
135 168
135 171
135 173
135 175
135 179
135 180
136 139
136 148
136 155
136 156
136 157
136 159
136 165
136 166
136 167
136 169
136 170
136 171
136 173
136 179
137 138
137 139
137 140
137 141
137 147
137 148
137 149
137 151
137 152
137 153
137 157
137 158
137 161
137 163
137 164
137 165
137 168
137 169
137 172
137 176
137 177
138 142
138 143
138 146
138 148
138 149
138 155
138 156
138 162
138 164
138 165
138 166
138 168
138 169
138 171
138 172
138 174
138 177
138 178
139 144
139 145
139 146
139 147
139 150
139 152
139 154
139 155
139 156
139 157
139 158
139 159
139 160
139 161
139 168
139 175
139 177
140 142
140 143
140 145
140 148
140 152
140 153
140 155
140 158
140 162
140 163
140 169
140 170
140 172
140 173
140 175
140 176
140 178
140 179
141 146
141 150
141 151
141 155
141 156
141 157
141 159
141 160
141 162
141 163
141 164
141 167
141 168
141 170
141 172
141 173
141 175
141 177
141 178
141 179
141 180
142 146
142 147
142 148
142 150
142 152
142 153
142 157
142 159
142 160
142 161
142 163
142 164
142 165
142 166
142 169
142 170
142 172
142 173
142 175
142 176
142 177
142 178
142 180
143 152
143 153
143 154
143 158
143 165
143 166
143 169
143 176
143 177
144 147
144 149
144 151
144 156
144 158
144 161
144 163
144 164
144 165
144 170
144 172
144 173
144 178
145 146
145 147
145 148
145 149
145 150
145 152
145 157
145 158
145 161
145 162
145 165
145 167
145 170
145 171
145 173
145 175
145 178
145 180
146 147
146 149
146 152
146 153
146 154
146 158
146 159
146 161
146 163
146 166
146 168
146 170
146 172
146 174
146 175
146 176
146 177
146 179
147 148
147 151
147 153
147 156
147 157
147 160
147 162
147 164
147 168
147 170
147 171
147 172
147 176
147 177
147 178
147 179
148 149
148 153
148 155
148 156
148 157
148 158
148 160
148 161
148 162
148 163
148 164
148 167
148 168
148 170
148 175
148 176
148 179
149 150
149 151
149 152
149 154
149 155
149 159
149 160
149 162
149 164
149 166
149 168
149 169
149 170
149 173
149 175
149 176
149 177
149 178
149 179
149 180
150 151
150 152
150 158
150 161
150 163
150 165
150 166
150 167
150 169
150 170
150 172
150 174
150 175
150 176
150 177
150 178
150 179
151 153
151 163
151 165
151 169
151 170
151 171
151 172
151 174
151 175
151 176
151 178
151 179
152 155
152 156
152 157
152 160
152 161
152 166
152 167
152 169
152 171
152 176
152 179
153 154
153 155
153 156
153 160
153 161
153 162
153 164
153 169
153 170
153 171
153 174
153 178
154 155
154 157
154 162
154 163
154 168
154 170
154 171
155 156
155 158
155 159
155 161
155 166
155 170
155 171
155 173
155 174
155 176
155 178
155 180
156 158
156 159
156 160
156 163
156 164
156 168
156 169
156 170
156 171
156 172
156 174
156 177
157 158
157 160
157 162
157 164
157 165
157 168
157 169
157 170
157 172
157 173
157 174
157 176
157 177
157 178
157 180
158 161
158 165
158 168
158 169
158 170
158 174
158 175
158 176
158 180
159 160
159 161
159 163
159 165
159 170
159 172
159 173
159 178
159 179
159 180
160 165
160 166
160 167
160 168
160 170
160 171
160 173
160 176
160 178
160 179
160 180
161 162
161 163
161 165
161 166
161 167
161 169
161 170
161 173
161 176
161 179
162 163
162 169
162 170
162 172
162 177
162 178
163 165
163 168
163 169
163 170
163 171
163 173
163 175
163 176
163 177
163 179
164 168
164 170
164 175
164 176
164 177
164 178
164 179
164 180
165 166
165 167
165 170
165 171
165 172
165 175
165 176
165 177
165 179
165 180
166 169
166 170
166 172
166 174
166 175
166 177
166 178
166 179
166 180
167 168
167 171
167 172
167 173
167 174
167 177
168 171
168 172
168 174
168 175
168 176
168 179
169 170
169 171
169 173
169 178
169 179
169 180
170 174
170 175
170 179
170 180
171 172
171 173
171 174
171 175
171 176
171 179
172 174
172 175
172 176
172 178
172 179
172 180
173 176
173 178
174 176
174 177
174 178
174 179
175 178
176 178
177 178
178 179