100
1 2
1 5
1 7
1 10
1 11
1 14
1 15
1 19
1 20
1 22
1 23
1 26
1 28
1 29
1 31
1 33
1 36
1 38
1 39
1 42
1 43
1 44
1 45
1 47
1 48
1 50
1 51
1 54
1 56
1 58
1 60
1 61
1 63
1 64
1 65
1 66
1 67
1 70
1 76
1 78
1 79
1 81
1 84
1 86
1 87
1 88
1 89
1 91
1 93
1 96
1 98
2 8
2 11
2 13
2 18
2 19
2 22
2 23
2 24
2 26
2 27
2 29
2 30
2 31
2 34
2 35
2 38
2 39
2 40
2 46
2 49
2 51
2 53
2 55
2 57
2 61
2 64
2 65
2 66
2 67
2 68
2 74
2 75
2 81
2 82
2 86
2 88
2 89
2 91
2 92
2 93
2 95
2 96
2 99
2 100
3 4
3 7
3 8
3 9
3 10
3 11
3 13
3 16
3 18
3 20
3 22
3 26
3 29
3 30
3 31
3 32
3 33
3 35
3 36
3 37
3 38
3 39
3 40
3 41
3 43
3 44
3 46
3 47
3 48
3 53
3 54
3 60
3 62
3 63
3 65
3 72
3 73
3 74
3 75
3 78
3 79
3 80
3 81
3 90
3 92
3 93
3 94
3 99
4 6
4 10
4 11
4 12
4 15
4 16
4 23
4 24
4 25
4 26
4 29
4 30
4 32
4 34
4 41
4 42
4 44
4 45
4 48
4 49
4 50
4 51
4 53
4 54
4 56
4 57
4 58
4 59
4 60
4 63
4 64
4 68
4 69
4 72
4 73
4 74
4 75
4 76
4 77
4 79
4 80
4 82
4 83
4 87
4 89
4 91
4 92
4 93
4 94
4 95
4 97
4 99
5 6
5 7
5 8
5 9
5 12
5 16
5 18
5 21
5 22
5 24
5 25
5 27
5 28
5 29
5 30
5 32
5 33
5 35
5 40
5 41
5 46
5 52
5 53
5 54
5 55
5 57
5 58
5 59
5 60
5 61
5 62
5 63
5 64
5 65
5 66
5 68
5 69
5 70
5 73
5 76
5 82
5 83
5 85
5 89
5 90
5 93
5 94
5 95
5 96
5 97
5 100
6 8
6 9
6 12
6 13
6 14
6 15
6 17
6 18
6 26
6 27
6 30
6 31
6 32
6 33
6 34
6 35
6 38
6 43
6 44
6 46
6 47
6 48
6 50
6 52
6 53
6 56
6 60
6 61
6 62
6 65
6 66
6 70
6 71
6 72
6 77
6 81
6 84
6 88
6 89
6 90
7 11
7 13
7 20
7 21
7 24
7 25
7 26
7 28
7 33
7 35
7 40
7 41
7 42
7 43
7 44
7 45
7 47
7 48
7 49
7 50
7 54
7 56
7 58
7 59
7 60
7 62
7 65
7 66
7 67
7 69
7 71
7 72
7 73
7 76
7 77
7 78
7 79
7 80
7 81
7 82
7 83
7 87
7 88
7 90
7 91
7 96
7 98
7 100
8 10
8 11
8 12
8 15
8 17
8 18
8 20
8 22
8 23
8 24
8 25
8 29
8 30
8 31
8 32
8 33
8 35
8 36
8 38
8 39
8 41
8 42
8 46
8 48
8 52
8 53
8 54
8 55
8 58
8 60
8 61
8 64
8 68
8 69
8 73
8 77
8 78
8 81
8 82
8 83
8 85
8 86
8 87
8 88
8 89
8 93
8 94
8 95
8 96
8 98
8 99
9 11
9 13
9 14
9 17
9 19
9 21
9 26
9 27
9 31
9 33
9 35
9 39
9 41
9 44
9 45
9 48
9 49
9 50
9 51
9 53
9 58
9 59
9 61
9 62
9 64
9 66
9 68
9 69
9 71
9 72
9 77
9 80
9 81
9 83
9 84
9 85
9 86
9 90
9 92
9 93
9 94
9 95
9 96
9 97
9 98
10 11
10 17
10 19
10 22
10 24
10 25
10 26
10 27
10 32
10 33
10 34
10 35
10 37
10 39
10 43
10 44
10 45
10 46
10 48
10 49
10 50
10 51
10 52
10 56
10 62
10 65
10 66
10 69
10 72
10 73
10 74
10 78
10 79
10 82
10 83
10 86
10 87
10 93
10 95
10 96
10 97
10 100
11 17
11 19
11 20
11 21
11 22
11 24
11 27
11 28
11 29
11 30
11 31
11 33
11 34
11 36
11 37
11 39
11 40
11 41
11 43
11 45
11 46
11 47
11 49
11 53
11 54
11 56
11 60
11 64
11 65
11 66
11 67
11 68
11 69
11 75
11 76
11 78
11 79
11 80
11 81
11 85
11 86
11 87
11 92
11 94
11 98
11 99
12 13
12 14
12 16
12 20
12 21
12 22
12 27
12 29
12 30
12 31
12 33
12 34
12 35
12 36
12 37
12 40
12 41
12 43
12 47
12 49
12 51
12 52
12 54
12 56
12 57
12 58
12 59
12 60
12 61
12 62
12 63
12 64
12 65
12 70
12 71
12 72
12 73
12 76
12 77
12 78
12 79
12 80
12 81
12 86
12 88
12 89
12 91
12 93
12 96
12 97
12 99
13 14
13 15
13 16
13 17
13 19
13 22
13 23
13 24
13 27
13 29
13 30
13 32
13 34
13 36
13 37
13 39
13 40
13 42
13 43
13 44
13 46
13 47
13 49
13 52
13 55
13 62
13 64
13 66
13 69
13 70
13 71
13 72
13 75
13 77
13 79
13 81
13 82
13 83
13 85
13 87
13 88
13 89
13 91
13 93
13 95
13 96
13 98
14 15
14 17
14 20
14 22
14 23
14 27
14 31
14 33
14 34
14 35
14 36
14 37
14 38
14 39
14 40
14 45
14 46
14 47
14 48
14 49
14 50
14 51
14 52
14 53
14 54
14 56
14 60
14 63
14 65
14 66
14 69
14 70
14 71
14 72
14 73
14 78
14 79
14 80
14 81
14 83
14 84
14 85
14 88
14 89
14 90
14 93
14 94
14 97
14 100
15 16
15 17
15 20
15 22
15 23
15 28
15 29
15 31
15 32
15 34
15 35
15 37
15 40
15 41
15 43
15 45
15 46
15 47
15 48
15 51
15 52
15 54
15 56
15 60
15 62
15 63
15 67
15 68
15 69
15 70
15 72
15 74
15 76
15 78
15 83
15 84
15 85
15 87
15 89
15 90
15 91
15 92
15 94
15 95
15 96
15 99
15 100
16 18
16 20
16 25
16 27
16 28
16 30
16 31
16 32
16 35
16 36
16 37
16 39
16 45
16 49
16 50
16 51
16 53
16 54
16 55
16 56
16 57
16 60
16 62
16 66
16 67
16 73
16 78
16 81
16 82
16 84
16 85
16 86
16 87
16 88
16 89
16 91
16 92
16 93
16 94
16 96
16 100
17 18
17 19
17 20
17 23
17 26
17 28
17 30
17 34
17 36
17 43
17 44
17 49
17 50
17 51
17 52
17 55
17 57
17 58
17 62
17 64
17 65
17 66
17 67
17 71
17 72
17 77
17 79
17 83
17 88
17 89
17 91
17 93
17 94
17 95
17 97
17 98
18 21
18 22
18 23
18 25
18 29
18 30
18 31
18 33
18 37
18 42
18 46
18 47
18 48
18 49
18 50
18 51
18 52
18 53
18 54
18 55
18 57
18 63
18 67
18 68
18 71
18 72
18 74
18 75
18 77
18 79
18 82
18 84
18 85
18 86
18 89
18 91
18 95
18 98
18 100
19 20
19 24
19 26
19 27
19 29
19 30
19 33
19 34
19 37
19 39
19 41
19 46
19 47
19 48
19 51
19 52
19 57
19 58
19 59
19 61
19 62
19 64
19 65
19 69
19 70
19 71
19 72
19 74
19 75
19 76
19 79
19 80
19 81
19 85
19 87
19 88
19 90
19 91
19 92
19 93
19 94
19 95
19 97
19 98
19 100
20 22
20 25
20 26
20 30
20 33
20 36
20 40
20 43
20 45
20 48
20 50
20 53
20 54
20 55
20 57
20 59
20 61
20 62
20 64
20 66
20 67
20 68
20 70
20 71
20 73
20 74
20 76
20 79
20 81
20 83
20 86
20 89
20 93
20 94
20 96
20 97
20 100
21 25
21 26
21 27
21 29
21 30
21 33
21 36
21 37
21 38
21 39
21 40
21 41
21 42
21 43
21 48
21 49
21 50
21 52
21 53
21 55
21 59
21 60
21 61
21 62
21 66
21 68
21 69
21 70
21 73
21 74
21 79
21 82
21 83
21 84
21 86
21 90
21 97
21 98
21 99
22 23
22 24
22 28
22 31
22 32
22 36
22 43
22 46
22 47
22 48
22 49
22 51
22 53
22 56
22 57
22 58
22 60
22 61
22 62
22 67
22 68
22 69
22 72
22 73
22 76
22 79
22 82
22 83
22 84
22 85
22 86
22 87
22 91
22 92
22 93
22 96
22 98
22 99
23 25
23 28
23 30
23 31
23 32
23 35
23 40
23 42
23 44
23 50
23 54
23 55
23 56
23 58
23 60
23 61
23 63
23 67
23 68
23 74
23 80
23 81
23 83
23 87
23 88
23 89
23 91
23 93
23 94
23 95
23 96
23 98
23 99
24 25
24 26
24 28
24 29
24 30
24 32
24 34
24 36
24 38
24 39
24 40
24 42
24 43
24 46
24 47
24 48
24 51
24 52
24 55
24 57
24 59
24 61
24 63
24 64
24 65
24 66
24 67
24 68
24 69
24 71
24 72
24 74
24 77
24 82
24 84
24 86
24 90
24 92
24 93
24 95
24 96
24 97
24 98
24 99
24 100
25 27
25 33
25 35
25 36
25 38
25 40
25 45
25 46
25 47
25 48
25 50
25 55
25 57
25 65
25 66
25 67
25 68
25 70
25 71
25 72
25 75
25 77
25 78
25 79
25 80
25 82
25 86
25 89
25 91
25 93
25 94
25 96
25 98
26 27
26 30
26 31
26 33
26 34
26 36
26 39
26 41
26 42
26 46
26 47
26 48
26 50
26 51
26 52
26 54
26 58
26 59
26 63
26 64
26 65
26 66
26 68
26 69
26 71
26 72
26 73
26 74
26 75
26 77
26 78
26 79
26 80
26 81
26 82
26 83
26 84
26 85
26 86
26 87
26 89
26 95
26 97
26 98
26 99
27 28
27 34
27 36
27 37
27 38
27 40
27 41
27 45
27 47
27 49
27 51
27 52
27 53
27 56
27 58
27 59
27 60
27 63
27 65
27 66
27 67
27 70
27 74
27 77
27 80
27 81
27 82
27 86
27 88
27 89
27 90
27 94
27 95
27 96
27 97
27 98
27 100
28 30
28 31
28 33
28 34
28 38
28 42
28 43
28 44
28 47
28 49
28 50
28 52
28 56
28 57
28 60
28 61
28 62
28 64
28 65
28 66
28 69
28 73
28 75
28 77
28 78
28 82
28 84
28 88
28 89
28 91
28 95
28 99
29 31
29 34
29 36
29 38
29 45
29 47
29 49
29 50
29 54
29 57
29 59
29 61
29 62
29 63
29 70
29 71
29 73
29 74
29 75
29 77
29 78
29 82
29 83
29 84
29 86
29 90
29 91
29 92
29 93
29 94
29 95
29 96
29 97
29 98
30 31
30 32
30 33
30 34
30 35
30 36
30 37
30 38
30 39
30 42
30 43
30 44
30 45
30 49
30 51
30 53
30 54
30 56
30 60
30 61
30 66
30 67
30 68
30 69
30 71
30 74
30 76
30 77
30 79
30 81
30 82
30 84
30 85
30 86
30 90
30 91
30 92
30 96
30 98
30 100
31 33
31 35
31 38
31 40
31 41
31 42
31 44
31 45
31 46
31 48
31 49
31 50
31 52
31 53
31 54
31 61
31 62
31 63
31 67
31 68
31 70
31 72
31 73
31 74
31 76
31 77
31 78
31 79
31 80
31 81
31 85
31 87
31 88
31 90
31 92
31 93
31 94
31 99
31 100
32 33
32 37
32 38
32 39
32 40
32 41
32 42
32 44
32 46
32 47
32 53
32 54
32 57
32 59
32 61
32 66
32 68
32 69
32 71
32 73
32 81
32 82
32 87
32 90
32 92
32 93
32 95
33 34
33 36
33 37
33 39
33 40
33 41
33 43
33 44
33 45
33 46
33 47
33 49
33 53
33 57
33 61
33 62
33 63
33 64
33 65
33 71
33 72
33 75
33 76
33 77
33 79
33 80
33 81
33 82
33 83
33 84
33 86
33 93
33 97
33 98
34 35
34 37
34 39
34 41
34 42
34 43
34 46
34 48
34 49
34 50
34 53
34 56
34 57
34 58
34 59
34 61
34 62
34 64
34 66
34 68
34 70
34 71
34 72
34 73
34 76
34 84
34 85
34 87
34 89
34 94
34 95
34 99
34 100
35 36
35 37
35 40
35 41
35 43
35 44
35 45
35 51
35 52
35 54
35 55
35 56
35 57
35 58
35 59
35 60
35 61
35 67
35 68
35 70
35 72
35 73
35 76
35 78
35 82
35 84
35 85
35 86
35 87
35 92
35 94
35 96
35 98
35 100
36 45
36 47
36 48
36 50
36 53
36 54
36 66
36 71
36 72
36 73
36 75
36 78
36 79
36 80
36 81
36 83
36 86
36 91
36 94
36 95
36 96
36 98
36 99
37 39
37 41
37 42
37 43
37 44
37 45
37 46
37 47
37 49
37 54
37 55
37 58
37 59
37 60
37 61
37 65
37 66
37 69
37 72
37 74
37 76
37 78
37 79
37 81
37 82
37 83
37 86
37 90
37 91
37 93
37 94
37 95
37 96
38 39
38 41
38 43
38 44
38 49
38 50
38 57
38 62
38 63
38 65
38 66
38 67
38 75
38 77
38 79
38 82
38 86
38 87
38 90
38 91
38 92
38 95
38 96
38 97
38 100
39 40
39 45
39 46
39 48
39 50
39 51
39 52
39 54
39 55
39 56
39 57
39 60
39 61
39 63
39 66
39 67
39 68
39 70
39 71
39 72
39 73
39 74
39 75
39 80
39 83
39 84
39 85
39 86
39 89
39 90
39 92
39 95
39 96
39 100
40 43
40 48
40 50
40 51
40 54
40 55
40 62
40 63
40 64
40 66
40 67
40 69
40 72
40 73
40 75
40 76
40 77
40 79
40 80
40 81
40 84
40 85
40 88
40 92
40 95
40 100
41 43
41 45
41 46
41 47
41 48
41 51
41 52
41 54
41 56
41 60
41 61
41 63
41 64
41 67
41 68
41 70
41 76
41 80
41 81
41 82
41 83
41 84
41 86
41 88
41 91
41 93
41 96
41 97
41 99
42 43
42 44
42 46
42 47
42 48
42 49
42 51
42 52
42 53
42 56
42 57
42 62
42 65
42 67
42 69
42 70
42 71
42 72
42 75
42 76
42 78
42 80
42 85
42 86
42 87
42 88
42 90
42 92
42 96
42 100
43 45
43 49
43 50
43 52
43 53
43 55
43 58
43 59
43 60
43 61
43 62
43 65
43 67
43 69
43 71
43 74
43 84
43 85
43 86
43 88
43 89
43 92
43 93
43 94
43 95
43 96
43 98
44 45
44 46
44 48
44 50
44 51
44 54
44 62
44 63
44 64
44 65
44 67
44 69
44 70
44 71
44 72
44 73
44 74
44 76
44 77
44 78
44 79
44 82
44 85
44 87
44 88
44 89
44 91
44 92
44 94
44 96
44 97
44 98
45 46
45 47
45 48
45 49
45 55
45 56
45 60
45 65
45 68
45 69
45 71
45 73
45 75
45 84
45 86
45 88
45 93
45 94
45 95
45 96
45 98
45 99
46 47
46 49
46 50
46 53
46 54
46 58
46 61
46 67
46 69
46 70
46 71
46 72
46 74
46 75
46 76
46 77
46 79
46 80
46 86
46 93
46 98
47 50
47 51
47 53
47 54
47 58
47 59
47 60
47 61
47 62
47 63
47 66
47 68
47 72
47 73
47 76
47 78
47 79
47 80
47 82
47 85
47 86
47 88
47 90
47 91
47 92
47 97
47 99
48 49
48 53
48 56
48 60
48 62
48 63
48 64
48 65
48 66
48 70
48 71
48 73
48 74
48 79
48 80
48 81
48 82
48 84
48 86
48 89
48 91
48 92
48 93
48 94
48 95
48 97
48 98
48 100
49 53
49 56
49 58
49 60
49 64
49 65
49 66
49 67
49 70
49 72
49 75
49 78
49 82
49 83
49 84
49 85
49 88
49 89
49 91
49 92
49 94
49 97
49 98
49 99
50 52
50 54
50 55
50 56
50 57
50 59
50 60
50 61
50 62
50 63
50 66
50 69
50 70
50 71
50 73
50 79
50 81
50 83
50 84
50 86
50 88
50 90
50 92
50 94
50 95
51 52
51 53
51 54
51 57
51 58
51 60
51 61
51 64
51 65
51 67
51 68
51 73
51 74
51 75
51 76
51 79
51 82
51 87
51 88
51 95
51 97
51 98
51 100
52 53
52 54
52 56
52 58
52 60
52 62
52 67
52 68
52 70
52 71
52 73
52 74
52 76
52 77
52 79
52 82
52 83
52 86
52 90
52 96
53 54
53 56
53 57
53 58
53 60
53 61
53 62
53 63
53 66
53 69
53 70
53 72
53 73
53 74
53 75
53 76
53 77
53 79
53 80
53 81
53 82
53 83
53 88
53 89
53 90
53 91
53 92
53 94
53 97
53 99
53 100
54 55
54 56
54 59
54 60
54 61
54 62
54 65
54 67
54 69
54 71
54 75
54 79
54 82
54 83
54 86
54 87
54 90
54 92
54 93
54 94
54 95
54 96
54 98
54 99
55 58
55 60
55 62
55 63
55 65
55 66
55 67
55 68
55 69
55 70
55 71
55 74
55 75
55 81
55 84
55 88
55 90
55 91
55 92
55 93
55 94
55 95
55 97
55 99
55 100
56 57
56 60
56 61
56 63
56 66
56 68
56 78
56 80
56 81
56 83
56 84
56 85
56 86
56 87
56 91
56 92
56 94
56 95
56 99
57 61
57 62
57 65
57 69
57 70
57 72
57 73
57 75
57 81
57 83
57 84
57 88
57 89
57 90
57 92
57 93
57 96
57 99
57 100
58 62
58 64
58 65
58 66
58 67
58 68
58 72
58 78
58 80
58 83
58 85
58 86
58 87
58 88
58 90
58 91
58 93
58 99
58 100
59 63
59 66
59 69
59 72
59 73
59 74
59 77
59 78
59 79
59 80
59 81
59 83
59 86
59 88
59 89
59 90
59 91
59 92
59 94
59 95
59 96
59 97
59 100
60 62
60 63
60 70
60 76
60 77
60 78
60 79
60 80
60 85
60 86
60 88
60 89
60 91
60 95
60 99
61 63
61 65
61 67
61 68
61 70
61 72
61 74
61 75
61 76
61 78
61 80
61 81
61 84
61 86
61 90
61 93
61 95
61 96
61 98
61 99
61 100
62 63
62 64
62 65
62 66
62 67
62 70
62 73
62 74
62 75
62 77
62 78
62 79
62 82
62 84
62 85
62 86
62 87
62 89
62 91
62 96
62 97
62 99
62 100
63 64
63 66
63 67
63 70
63 72
63 73
63 74
63 76
63 77
63 79
63 81
63 83
63 86
63 87
63 88
63 90
63 91
63 92
63 93
63 94
63 95
63 98
63 99
63 100
64 65
64 69
64 72
64 74
64 75
64 76
64 77
64 78
64 81
64 82
64 83
64 89
64 91
64 93
64 96
64 97
64 98
64 99
65 66
65 68
65 70
65 72
65 73
65 74
65 75
65 78
65 79
65 81
65 83
65 84
65 86
65 87
65 89
65 90
65 92
65 97
66 67
66 69
66 70
66 71
66 76
66 77
66 81
66 84
66 87
66 88
66 94
66 95
66 98
66 100
67 76
67 78
67 81
67 83
67 84
67 85
67 86
67 88
67 90
67 91
67 92
67 93
67 94
67 96
67 97
67 98
68 70
68 72
68 73
68 75
68 76
68 78
68 79
68 81
68 85
68 88
68 89
68 97
68 99
68 100
69 71
69 72
69 73
69 78
69 79
69 80
69 82
69 83
69 84
69 85
69 86
69 90
69 91
69 94
69 96
69 97
69 99
69 100
70 71
70 73
70 75
70 76
70 79
70 81
70 82
70 83
70 84
70 92
70 93
70 94
70 96
70 97
70 99
71 72
71 74
71 75
71 76
71 79
71 80
71 81
71 83
71 84
71 86
71 90
71 91
71 92
71 95
71 98
71 99
72 74
72 75
72 76
72 78
72 80
72 81
72 83
72 84
72 86
72 87
72 88
72 90
72 93
72 94
72 96
72 99
72 100
73 74
73 75
73 79
73 81
73 84
73 85
73 86
73 87
73 88
73 89
73 90
73 94
73 95
73 96
73 97
73 99
74 77
74 78
74 79
74 80
74 83
74 84
74 85
74 86
74 88
74 89
74 91
74 93
74 96
74 97
74 99
75 78
75 85
75 86
75 89
75 94
75 96
75 98
75 99
76 80
76 81
76 82
76 84
76 85
76 86
76 87
76 88
76 92
76 95
76 98
76 99
76 100
77 78
77 79
77 80
77 81
77 82
77 86
77 90
77 94
77 95
77 98
78 80
78 81
78 82
78 83
78 84
78 85
78 86
78 90
78 91
78 92
78 97
78 100
79 80
79 83
79 84
79 86
79 88
79 90
79 91
79 92
79 93
79 94
79 95
79 98
79 99
79 100
80 83
80 85
80 86
80 89
80 90
80 91
80 92
80 99
80 100
81 83
81 86
81 87
81 88
81 89
81 91
81 98
81 100
82 83
82 84
82 87
82 88
82 90
82 92
82 96
82 98
83 85
83 86
83 87
83 90
83 93
83 95
83 97
83 99
83 100
84 88
84 93
84 94
84 95
84 96
84 97
84 100
85 91
85 92
85 96
85 97
85 99
85 100
86 87
86 90
86 93
86 95
86 97
86 99
87 93
87 94
87 96
87 97
87 98
87 100
88 91
88 93
88 100
89 90
89 91
89 92
89 93
89 100
90 92
90 97
90 99
90 100
91 92
91 93
91 95
91 97
91 100
92 94
92 95
92 97
92 98
92 99
93 94
93 95
93 97
93 99
93 100
94 96
94 97
94 98
95 100
96 97
96 99
97 99
97 100
98 99
98 100