200
1 2
1 7
1 11
1 15
1 18
1 20
1 21
1 23
1 24
1 25
1 26
1 27
1 28
1 29
1 30
1 31
1 32
1 35
1 36
1 38
1 39
1 43
1 44
1 45
1 46
1 47
1 48
1 52
1 54
1 56
1 57
1 59
1 60
1 63
1 67
1 68
1 69
1 71
1 72
1 74
1 79
1 83
1 84
1 89
1 90
1 92
1 93
1 95
1 97
1 98
1 99
1 100
1 101
1 102
1 105
1 107
1 109
1 110
1 111
1 112
1 113
1 116
1 118
1 119
1 120
1 121
1 122
1 127
1 129
1 131
1 139
1 140
1 142
1 143
1 144
1 145
1 147
1 148
1 150
1 151
1 153
1 156
1 159
1 161
1 162
1 169
1 170
1 171
1 173
1 174
1 182
1 186
1 187
1 191
1 192
1 199
2 3
2 5
2 6
2 7
2 8
2 10
2 12
2 13
2 14
2 15
2 16
2 17
2 18
2 20
2 25
2 26
2 28
2 29
2 30
2 31
2 32
2 37
2 38
2 42
2 44
2 45
2 47
2 48
2 49
2 51
2 52
2 53
2 54
2 56
2 57
2 58
2 59
2 61
2 66
2 67
2 69
2 70
2 71
2 72
2 74
2 76
2 79
2 82
2 83
2 89
2 90
2 91
2 97
2 98
2 100
2 101
2 106
2 107
2 108
2 109
2 110
2 120
2 121
2 123
2 125
2 127
2 131
2 132
2 134
2 135
2 136
2 137
2 139
2 140
2 141
2 142
2 145
2 147
2 148
2 149
2 150
2 154
2 156
2 158
2 161
2 166
2 167
2 168
2 170
2 171
2 172
2 173
2 174
2 176
2 177
2 178
2 180
2 183
2 190
2 191
2 193
2 194
2 195
2 197
2 199
2 200
3 4
3 5
3 8
3 10
3 11
3 12
3 15
3 17
3 18
3 20
3 21
3 22
3 23
3 27
3 28
3 34
3 35
3 39
3 41
3 42
3 43
3 45
3 47
3 52
3 53
3 54
3 55
3 57
3 60
3 61
3 62
3 63
3 64
3 65
3 66
3 67
3 68
3 70
3 74
3 76
3 77
3 80
3 81
3 85
3 86
3 89
3 92
3 96
3 97
3 98
3 99
3 100
3 101
3 103
3 104
3 106
3 108
3 111
3 113
3 115
3 118
3 119
3 120
3 121
3 127
3 129
3 130
3 131
3 132
3 134
3 138
3 139
3 140
3 142
3 143
3 144
3 146
3 151
3 154
3 155
3 156
3 158
3 160
3 161
3 162
3 163
3 164
3 166
3 167
3 168
3 170
3 175
3 176
3 177
3 178
3 181
3 182
3 188
3 189
3 191
3 192
3 193
3 194
3 196
3 197
3 199
3 200
4 5
4 6
4 8
4 9
4 10
4 11
4 12
4 13
4 14
4 15
4 16
4 20
4 23
4 24
4 26
4 28
4 32
4 34
4 35
4 38
4 40
4 41
4 43
4 50
4 58
4 60
4 61
4 64
4 67
4 69
4 74
4 76
4 78
4 80
4 81
4 82
4 83
4 87
4 89
4 90
4 92
4 93
4 94
4 96
4 97
4 98
4 99
4 100
4 101
4 102
4 103
4 107
4 108
4 110
4 113
4 114
4 117
4 119
4 120
4 123
4 124
4 126
4 127
4 128
4 130
4 133
4 137
4 138
4 139
4 145
4 147
4 152
4 153
4 154
4 158
4 161
4 162
4 163
4 164
4 166
4 169
4 170
4 171
4 174
4 178
4 181
4 183
4 186
4 189
4 190
4 197
4 200
5 6
5 9
5 12
5 17
5 23
5 25
5 26
5 27
5 28
5 29
5 32
5 33
5 34
5 36
5 38
5 39
5 41
5 43
5 49
5 50
5 52
5 56
5 57
5 58
5 60
5 61
5 62
5 63
5 64
5 66
5 68
5 69
5 70
5 75
5 76
5 77
5 78
5 79
5 84
5 86
5 90
5 91
5 92
5 93
5 94
5 97
5 99
5 100
5 104
5 108
5 109
5 110
5 111
5 113
5 115
5 116
5 118
5 120
5 126
5 128
5 130
5 135
5 137
5 139
5 140
5 141
5 144
5 145
5 147
5 152
5 155
5 157
5 158
5 159
5 163
5 165
5 166
5 167
5 168
5 170
5 171
5 173
5 174
5 175
5 176
5 180
5 181
5 185
5 186
5 190
5 193
5 196
5 197
5 198
5 199
5 200
6 10
6 11
6 16
6 18
6 19
6 21
6 22
6 24
6 25
6 26
6 29
6 30
6 32
6 33
6 34
6 35
6 36
6 37
6 38
6 39
6 40
6 45
6 46
6 48
6 49
6 50
6 52
6 54
6 55
6 59
6 60
6 62
6 65
6 66
6 67
6 71
6 74
6 80
6 81
6 83
6 84
6 90
6 91
6 92
6 94
6 96
6 99
6 100
6 103
6 104
6 105
6 107
6 110
6 111
6 112
6 114
6 115
6 116
6 117
6 120
6 122
6 123
6 129
6 130
6 134
6 137
6 139
6 141
6 143
6 144
6 146
6 147
6 156
6 157
6 158
6 162
6 163
6 164
6 165
6 166
6 167
6 169
6 170
6 171
6 173
6 175
6 176
6 177
6 179
6 180
6 182
6 183
6 185
6 186
6 190
6 195
6 196
6 198
6 199
7 8
7 9
7 11
7 12
7 14
7 16
7 17
7 19
7 20
7 24
7 25
7 27
7 29
7 30
7 32
7 33
7 36
7 41
7 42
7 44
7 45
7 46
7 47
7 48
7 49
7 51
7 53
7 54
7 55
7 56
7 61
7 62
7 69
7 71
7 72
7 73
7 75
7 77
7 79
7 80
7 83
7 84
7 86
7 87
7 88
7 94
7 95
7 99
7 100
7 102
7 105
7 106
7 107
7 111
7 112
7 113
7 114
7 119
7 123
7 128
7 130
7 131
7 132
7 133
7 134
7 136
7 137
7 138
7 140
7 143
7 144
7 145
7 147
7 148
7 149
7 150
7 152
7 156
7 159
7 161
7 166
7 168
7 169
7 170
7 173
7 175
7 178
7 181
7 185
7 191
7 192
7 193
7 195
7 196
8 9
8 10
8 11
8 13
8 17
8 18
8 22
8 24
8 26
8 27
8 28
8 29
8 33
8 34
8 35
8 37
8 39
8 40
8 41
8 42
8 45
8 47
8 50
8 53
8 56
8 60
8 61
8 63
8 64
8 68
8 69
8 72
8 74
8 76
8 77
8 78
8 82
8 84
8 89
8 90
8 91
8 92
8 93
8 100
8 101
8 105
8 106
8 107
8 108
8 110
8 111
8 112
8 119
8 120
8 125
8 129
8 130
8 131
8 132
8 133
8 135
8 136
8 138
8 141
8 142
8 143
8 145
8 147
8 149
8 150
8 152
8 154
8 157
8 158
8 161
8 165
8 166
8 169
8 170
8 171
8 174
8 175
8 177
8 178
8 181
8 185
8 189
8 190
8 191
8 192
8 194
8 196
8 197
8 198
8 199
8 200
9 10
9 12
9 13
9 15
9 16
9 17
9 18
9 21
9 24
9 27
9 28
9 29
9 32
9 33
9 38
9 39
9 42
9 44
9 46
9 47
9 52
9 53
9 54
9 55
9 57
9 58
9 60
9 64
9 65
9 66
9 68
9 69
9 71
9 72
9 75
9 79
9 80
9 81
9 86
9 88
9 89
9 90
9 91
9 92
9 94
9 97
9 98
9 99
9 101
9 102
9 103
9 104
9 105
9 106
9 107
9 108
9 109
9 111
9 114
9 115
9 119
9 121
9 126
9 127
9 128
9 129
9 131
9 136
9 137
9 142
9 143
9 151
9 153
9 154
9 157
9 158
9 159
9 161
9 163
9 165
9 166
9 167
9 168
9 170
9 171
9 173
9 175
9 176
9 177
9 182
9 183
9 185
9 188
9 190
9 191
9 194
9 195
9 197
9 199
9 200
10 12
10 13
10 18
10 21
10 22
10 25
10 26
10 28
10 29
10 30
10 32
10 34
10 35
10 37
10 40
10 42
10 47
10 48
10 51
10 52
10 55
10 60
10 64
10 66
10 67
10 68
10 71
10 74
10 77
10 80
10 82
10 85
10 87
10 88
10 90
10 91
10 94
10 96
10 98
10 99
10 106
10 112
10 114
10 115
10 116
10 119
10 120
10 121
10 122
10 124
10 125
10 126
10 127
10 128
10 129
10 130
10 133
10 134
10 135
10 136
10 138
10 141
10 143
10 144
10 145
10 146
10 148
10 150
10 154
10 156
10 157
10 159
10 160
10 163
10 165
10 166
10 167
10 170
10 173
10 175
10 176
10 178
10 182
10 183
10 185
10 187
10 190
10 191
10 192
10 194
10 198
10 199
11 13
11 15
11 16
11 17
11 20
11 21
11 23
11 26
11 29
11 30
11 31
11 34
11 35
11 41
11 42
11 44
11 45
11 47
11 48
11 50
11 51
11 52
11 54
11 55
11 60
11 61
11 62
11 66
11 67
11 68
11 70
11 79
11 80
11 83
11 85
11 86
11 87
11 88
11 89
11 91
11 95
11 98
11 99
11 101
11 102
11 103
11 106
11 107
11 109
11 111
11 112
11 113
11 115
11 117
11 118
11 123
11 125
11 129
11 130
11 131
11 132
11 133
11 134
11 137
11 139
11 143
11 145
11 146
11 147
11 150
11 151
11 154
11 158
11 167
11 170
11 178
11 183
11 184
11 186
11 188
11 189
11 190
11 191
11 192
11 193
11 194
11 196
11 197
11 198
11 199
12 13
12 14
12 15
12 18
12 19
12 20
12 21
12 22
12 23
12 26
12 30
12 31
12 33
12 37
12 38
12 40
12 44
12 45
12 46
12 47
12 49
12 51
12 52
12 53
12 56
12 58
12 59
12 61
12 64
12 65
12 66
12 69
12 70
12 71
12 73
12 75
12 76
12 77
12 80
12 83
12 84
12 89
12 90
12 91
12 94
12 97
12 98
12 103
12 104
12 106
12 107
12 110
12 111
12 112
12 113
12 117
12 119
12 122
12 123
12 124
12 125
12 126
12 130
12 131
12 132
12 133
12 135
12 138
12 147
12 148
12 149
12 152
12 153
12 154
12 155
12 156
12 157
12 159
12 160
12 164
12 165
12 166
12 167
12 168
12 169
12 171
12 172
12 174
12 175
12 176
12 178
12 182
12 183
12 189
12 190
12 191
12 192
12 195
12 196
12 197
12 198
12 199
13 14
13 19
13 20
13 22
13 23
13 24
13 27
13 29
13 30
13 31
13 34
13 38
13 40
13 41
13 44
13 45
13 46
13 47
13 48
13 49
13 50
13 53
13 54
13 55
13 58
13 60
13 61
13 67
13 68
13 71
13 75
13 81
13 88
13 89
13 93
13 94
13 96
13 97
13 98
13 99
13 100
13 101
13 103
13 107
13 109
13 111
13 113
13 116
13 119
13 123
13 126
13 129
13 130
13 131
13 132
13 133
13 134
13 137
13 141
13 143
13 144
13 145
13 146
13 147
13 151
13 152
13 155
13 160
13 161
13 162
13 163
13 164
13 165
13 166
13 167
13 168
13 169
13 172
13 173
13 175
13 176
13 177
13 180
13 181
13 182
13 183
13 190
13 191
13 192
13 196
13 197
13 198
13 199
14 17
14 19
14 20
14 21
14 24
14 25
14 29
14 30
14 33
14 34
14 35
14 36
14 38
14 39
14 42
14 43
14 45
14 46
14 48
14 50
14 51
14 52
14 53
14 54
14 55
14 57
14 59
14 60
14 61
14 62
14 64
14 65
14 66
14 68
14 73
14 75
14 79
14 82
14 86
14 87
14 88
14 89
14 93
14 95
14 98
14 99
14 101
14 103
14 104
14 109
14 111
14 112
14 115
14 116
14 117
14 118
14 120
14 121
14 122
14 124
14 126
14 127
14 131
14 132
14 134
14 136
14 138
14 139
14 140
14 144
14 147
14 148
14 150
14 154
14 156
14 157
14 158
14 159
14 161
14 162
14 167
14 171
14 172
14 173
14 175
14 177
14 178
14 183
14 186
14 187
14 193
14 200
15 17
15 18
15 20
15 21
15 27
15 28
15 29
15 33
15 34
15 35
15 36
15 38
15 40
15 44
15 45
15 48
15 50
15 51
15 52
15 53
15 54
15 57
15 59
15 60
15 63
15 66
15 67
15 70
15 72
15 73
15 76
15 77
15 81
15 83
15 84
15 89
15 90
15 93
15 96
15 97
15 100
15 104
15 105
15 107
15 112
15 114
15 115
15 120
15 123
15 124
15 127
15 131
15 132
15 133
15 135
15 138
15 139
15 141
15 148
15 150
15 152
15 153
15 155
15 158
15 162
15 168
15 174
15 176
15 177
15 178
15 182
15 187
15 189
15 190
15 192
15 193
15 194
15 196
15 200
16 19
16 20
16 22
16 23
16 24
16 26
16 27
16 28
16 29
16 31
16 32
16 33
16 34
16 35
16 38
16 40
16 43
16 44
16 45
16 46
16 47
16 50
16 51
16 53
16 54
16 56
16 57
16 59
16 64
16 71
16 72
16 73
16 75
16 76
16 80
16 81
16 84
16 86
16 88
16 97
16 100
16 102
16 107
16 108
16 109
16 111
16 113
16 114
16 116
16 118
16 119
16 121
16 122
16 123
16 125
16 127
16 129
16 131
16 132
16 134
16 137
16 138
16 142
16 144
16 146
16 147
16 150
16 154
16 155
16 158
16 160
16 164
16 166
16 167
16 168
16 171
16 172
16 173
16 174
16 181
16 185
16 186
16 187
16 188
16 191
16 193
16 198
16 199
16 200
17 21
17 22
17 24
17 28
17 29
17 32
17 34
17 36
17 37
17 38
17 40
17 44
17 48
17 50
17 51
17 52
17 56
17 59
17 60
17 63
17 64
17 65
17 66
17 68
17 69
17 71
17 72
17 73
17 74
17 79
17 83
17 84
17 87
17 88
17 94
17 99
17 100
17 102
17 103
17 106
17 107
17 110
17 111
17 113
17 114
17 116
17 117
17 118
17 121
17 122
17 123
17 125
17 126
17 127
17 129
17 133
17 136
17 137
17 141
17 142
17 145
17 147
17 148
17 151
17 153
17 159
17 162
17 163
17 166
17 167
17 169
17 171
17 174
17 175
17 179
17 180
17 184
17 185
17 186
17 188
17 192
17 195
17 196
17 198
18 20
18 22
18 24
18 26
18 27
18 29
18 31
18 32
18 34
18 35
18 38
18 44
18 45
18 46
18 47
18 48
18 50
18 51
18 54
18 57
18 58
18 59
18 60
18 61
18 62
18 64
18 65
18 66
18 67
18 71
18 73
18 75
18 76
18 77
18 80
18 81
18 82
18 83
18 84
18 85
18 86
18 92
18 93
18 95
18 96
18 101
18 103
18 108
18 109
18 112
18 113
18 114
18 115
18 116
18 117
18 119
18 120
18 123
18 124
18 125
18 126
18 127
18 128
18 129
18 131
18 132
18 136
18 137
18 140
18 147
18 149
18 154
18 155
18 156
18 157
18 162
18 164
18 166
18 168
18 171
18 172
18 173
18 174
18 175
18 177
18 181
18 188
18 191
18 193
18 195
18 197
18 198
18 199
18 200
19 20
19 22
19 23
19 25
19 27
19 31
19 33
19 35
19 36
19 40
19 46
19 47
19 49
19 52
19 57
19 58
19 60
19 62
19 65
19 66
19 67
19 68
19 69
19 70
19 72
19 75
19 77
19 79
19 83
19 84
19 85
19 86
19 89
19 90
19 91
19 98
19 99
19 101
19 103
19 104
19 105
19 107
19 109
19 111
19 113
19 115
19 116
19 117
19 119
19 120
19 125
19 126
19 128
19 129
19 130
19 132
19 136
19 137
19 138
19 140
19 144
19 145
19 146
19 148
19 150
19 151
19 153
19 154
19 156
19 157
19 162
19 163
19 164
19 166
19 167
19 168
19 172
19 175
19 176
19 177
19 179
19 180
19 183
19 184
19 185
19 187
19 188
19 189
19 192
19 193
19 194
19 195
19 197
20 21
20 22
20 23
20 24
20 26
20 28
20 31
20 32
20 33
20 34
20 35
20 37
20 39
20 40
20 41
20 42
20 44
20 45
20 47
20 48
20 49
20 54
20 59
20 63
20 64
20 65
20 69
20 73
20 75
20 76
20 78
20 81
20 82
20 83
20 84
20 85
20 87
20 88
20 91
20 92
20 93
20 96
20 97
20 98
20 101
20 102
20 106
20 108
20 109
20 110
20 111
20 112
20 113
20 114
20 117
20 118
20 119
20 120
20 121
20 124
20 127
20 128
20 129
20 131
20 134
20 137
20 139
20 142
20 143
20 144
20 146
20 147
20 149
20 150
20 151
20 152
20 153
20 156
20 157
20 158
20 161
20 164
20 165
20 166
20 168
20 170
20 174
20 175
20 176
20 178
20 179
20 181
20 182
20 185
20 188
20 196
20 197
20 199
21 22
21 23
21 24
21 27
21 28
21 29
21 30
21 32
21 34
21 35
21 36
21 37
21 39
21 40
21 43
21 47
21 48
21 51
21 53
21 54
21 56
21 57
21 60
21 61
21 62
21 69
21 74
21 75
21 76
21 77
21 81
21 84
21 86
21 87
21 91
21 92
21 94
21 95
21 96
21 97
21 100
21 103
21 104
21 106
21 107
21 110
21 111
21 112
21 122
21 125
21 126
21 127
21 130
21 131
21 132
21 133
21 134
21 135
21 136
21 141
21 142
21 144
21 145
21 147
21 150
21 151
21 153
21 155
21 156
21 157
21 161
21 162
21 163
21 164
21 165
21 167
21 170
21 174
21 175
21 176
21 177
21 181
21 183
21 185
21 188
21 190
21 191
21 193
21 194
21 195
21 198
22 25
22 26
22 29
22 31
22 32
22 33
22 34
22 35
22 36
22 37
22 38
22 39
22 40
22 41
22 45
22 50
22 51
22 53
22 56
22 58
22 59
22 61
22 63
22 64
22 65
22 68
22 70
22 74
22 76
22 78
22 80
22 81
22 82
22 85
22 86
22 87
22 90
22 91
22 92
22 94
22 96
22 99
22 101
22 104
22 106
22 107
22 108
22 110
22 111
22 113
22 114
22 115
22 118
22 119
22 121
22 122
22 124
22 125
22 128
22 129
22 130
22 132
22 135
22 137
22 142
22 144
22 145
22 147
22 150
22 151
22 152
22 153
22 157
22 158
22 161
22 164
22 165
22 170
22 176
22 178
22 181
22 184
22 186
22 187
22 190
22 193
22 195
22 200
23 24
23 29
23 33
23 37
23 38
23 41
23 42
23 43
23 44
23 46
23 50
23 53
23 55
23 56
23 58
23 59
23 62
23 63
23 64
23 66
23 67
23 69
23 70
23 71
23 73
23 75
23 76
23 82
23 84
23 85
23 86
23 87
23 88
23 93
23 95
23 96
23 99
23 101
23 102
23 106
23 107
23 110
23 111
23 112
23 114
23 115
23 116
23 118
23 119
23 122
23 124
23 125
23 128
23 129
23 130
23 131
23 133
23 135
23 137
23 138
23 140
23 141
23 143
23 145
23 147
23 148
23 149
23 152
23 154
23 157
23 159
23 163
23 164
23 165
23 166
23 168
23 169
23 170
23 172
23 175
23 176
23 178
23 179
23 180
23 181
23 182
23 184
23 187
23 188
23 192
23 193
23 194
23 195
23 196
23 200
24 25
24 26
24 27
24 30
24 33
24 37
24 38
24 41
24 42
24 43
24 44
24 45
24 46
24 47
24 49
24 52
24 53
24 54
24 55
24 56
24 58
24 61
24 64
24 65
24 66
24 67
24 69
24 70
24 71
24 75
24 77
24 78
24 79
24 82
24 84
24 85
24 86
24 89
24 90
24 91
24 93
24 96
24 97
24 100
24 102
24 103
24 104
24 106
24 107
24 108
24 109
24 112
24 114
24 118
24 120
24 122
24 124
24 128
24 130
24 131
24 133
24 134
24 135
24 137
24 140
24 144
24 147
24 149
24 151
24 154
24 157
24 158
24 159
24 160
24 161
24 163
24 164
24 165
24 171
24 173
24 175
24 176
24 178
24 179
24 182
24 183
24 184
24 185
24 187
24 189
24 190
24 191
24 196
24 197
24 198
24 199
24 200
25 26
25 29
25 31
25 32
25 37
25 38
25 40
25 41
25 45
25 46
25 49
25 53
25 58
25 59
25 60
25 62
25 63
25 64
25 67
25 68
25 69
25 72
25 77
25 78
25 81
25 82
25 85
25 86
25 87
25 93
25 100
25 102
25 103
25 106
25 107
25 112
25 114
25 116
25 117
25 119
25 121
25 123
25 128
25 131
25 132
25 133
25 136
25 138
25 140
25 141
25 143
25 144
25 146
25 148
25 152
25 153
25 154
25 155
25 158
25 159
25 160
25 163
25 164
25 167
25 169
25 170
25 171
25 172
25 173
25 175
25 176
25 177
25 181
25 184
25 185
25 186
25 191
25 192
25 193
25 194
25 195
25 196
25 197
25 199
25 200
26 29
26 30
26 31
26 33
26 37
26 38
26 40
26 41
26 44
26 45
26 47
26 48
26 49
26 50
26 52
26 56
26 58
26 60
26 61
26 63
26 65
26 69
26 71
26 73
26 74
26 75
26 81
26 84
26 86
26 87
26 89
26 94
26 95
26 96
26 100
26 101
26 102
26 103
26 104
26 107
26 108
26 112
26 114
26 115
26 119
26 121
26 122
26 125
26 128
26 129
26 132
26 139
26 141
26 142
26 146
26 147
26 148
26 149
26 150
26 151
26 152
26 154
26 156
26 158
26 160
26 163
26 164
26 166
26 168
26 169
26 170
26 171
26 173
26 174
26 177
26 180
26 181
26 182
26 186
26 188
26 189
26 194
26 195
26 198
26 199
26 200
27 30
27 36
27 39
27 43
27 44
27 45
27 47
27 48
27 51
27 54
27 55
27 57
27 59
27 60
27 61
27 62
27 67
27 68
27 72
27 75
27 76
27 78
27 80
27 81
27 86
27 88
27 91
27 92
27 95
27 97
27 98
27 103
27 107
27 108
27 113
27 114
27 115
27 116
27 117
27 120
27 121
27 127
27 129
27 130
27 131
27 132
27 133
27 134
27 136
27 137
27 138
27 139
27 140
27 143
27 148
27 149
27 151
27 152
27 154
27 155
27 157
27 161
27 162
27 163
27 164
27 167
27 168
27 170
27 173
27 174
27 175
27 176
27 180
27 182
27 183
27 184
27 187
27 188
27 190
27 191
27 192
27 193
27 194
27 195
27 196
27 197
27 200
28 30
28 32
28 33
28 39
28 41
28 42
28 43
28 45
28 46
28 48
28 49
28 50
28 52
28 54
28 55
28 56
28 58
28 59
28 60
28 64
28 70
28 71
28 72
28 75
28 77
28 80
28 81
28 83
28 86
28 87
28 89
28 90
28 91
28 92
28 93
28 95
28 96
28 98
28 99
28 100
28 102
28 104
28 106
28 107
28 112
28 114
28 117
28 118
28 120
28 122
28 124
28 126
28 129
28 130
28 133
28 136
28 139
28 142
28 145
28 146
28 149
28 151
28 153
28 155
28 156
28 158
28 161
28 164
28 166
28 168
28 171
28 172
28 173
28 178
28 181
28 182
28 183
28 186
28 187
28 188
28 190
28 192
28 194
28 196
28 198
28 199
28 200
29 31
29 39
29 41
29 42
29 43
29 44
29 45
29 48
29 49
29 51
29 53
29 54
29 56
29 57
29 58
29 61
29 62
29 63
29 65
29 71
29 73
29 78
29 80
29 82
29 83
29 85
29 92
29 93
29 95
29 96
29 99
29 102
29 103
29 104
29 108
29 111
29 112
29 113
29 114
29 115
29 116
29 119
29 121
29 122
29 123
29 124
29 126
29 127
29 128
29 131
29 132
29 134
29 135
29 136
29 137
29 140
29 142
29 144
29 146
29 151
29 153
29 155
29 156
29 157
29 159
29 161
29 162
29 163
29 165
29 166
29 168
29 169
29 171
29 173
29 174
29 176
29 177
29 181
29 183
29 186
29 187
29 188
29 189
29 190
29 191
29 194
29 195
29 197
29 198
29 199
29 200
30 31
30 32
30 33
30 35
30 39
30 40
30 42
30 44
30 45
30 50
30 51
30 55
30 56
30 57
30 65
30 66
30 69
30 70
30 71
30 76
30 77
30 78
30 89
30 90
30 93
30 94
30 96
30 97
30 99
30 101
30 102
30 103
30 104
30 105
30 106
30 107
30 112
30 114
30 116
30 117
30 119
30 122
30 125
30 126
30 130
30 131
30 133
30 139
30 145
30 150
30 153
30 156
30 157
30 159
30 160
30 163
30 165
30 166
30 167
30 168
30 169
30 176
30 178
30 179
30 181
30 182
30 183
30 188
30 189
30 191
30 195
30 196
30 198
30 200
31 34
31 36
31 37
31 38
31 39
31 41
31 45
31 46
31 51
31 53
31 59
31 61
31 64
31 66
31 67
31 69
31 70
31 71
31 72
31 76
31 77
31 80
31 82
31 84
31 85
31 89
31 92
31 94
31 95
31 96
31 97
31 98
31 99
31 100
31 101
31 102
31 105
31 106
31 108
31 109
31 111
31 114
31 124
31 125
31 127
31 129
31 131
31 132
31 135
31 137
31 138
31 140
31 143
31 145
31 147
31 148
31 150
31 152
31 153
31 154
31 155
31 157
31 159
31 160
31 162
31 163
31 165
31 167
31 170
31 173
31 174
31 175
31 176
31 177
31 181
31 183
31 186
31 187
31 188
31 189
31 190
31 195
32 33
32 35
32 38
32 39
32 40
32 41
32 42
32 46
32 48
32 53
32 54
32 56
32 58
32 60
32 61
32 62
32 64
32 65
32 66
32 70
32 73
32 74
32 76
32 77
32 78
32 81
32 82
32 84
32 89
32 93
32 96
32 98
32 100
32 103
32 105
32 106
32 107
32 110
32 112
32 118
32 119
32 120
32 121
32 122
32 124
32 128
32 130
32 133
32 138
32 140
32 144
32 145
32 146
32 148
32 150
32 153
32 154
32 155
32 159
32 161
32 162
32 166
32 167
32 169
32 174
32 178
32 181
32 182
32 183
32 184
32 187
32 188
32 189
32 190
32 195
32 196
32 197
32 199
33 35
33 36
33 37
33 39
33 41
33 43
33 46
33 47
33 48
33 52
33 53
33 58
33 59
33 62
33 64
33 65
33 66
33 67
33 69
33 72
33 75
33 78
33 80
33 81
33 82
33 85
33 86
33 87
33 88
33 94
33 95
33 97
33 98
33 99
33 101
33 102
33 103
33 106
33 108
33 109
33 112
33 113
33 114
33 115
33 116
33 117
33 119
33 122
33 123
33 124
33 130
33 132
33 133
33 134
33 135
33 140
33 142
33 144
33 149
33 151
33 152
33 153
33 158
33 160
33 161
33 162
33 165
33 169
33 170
33 173
33 174
33 176
33 178
33 181
33 182
33 187
33 189
33 192
33 194
33 195
33 197
33 198
34 37
34 38
34 40
34 41
34 43
34 44
34 45
34 48
34 49
34 53
34 54
34 56
34 57
34 58
34 60
34 62
34 63
34 64
34 65
34 69
34 72
34 73
34 76
34 77
34 81
34 83
34 84
34 90
34 91
34 93
34 94
34 95
34 98
34 102
34 103
34 107
34 109
34 111
34 112
34 113
34 114
34 116
34 119
34 123
34 124
34 126
34 128
34 131
34 132
34 134
34 135
34 137
34 138
34 139
34 142
34 143
34 145
34 148
34 151
34 154
34 155
34 162
34 163
34 164
34 166
34 168
34 175
34 178
34 179
34 181
34 183
34 184
34 185
34 190
34 192
34 195
34 198
35 41
35 43
35 44
35 46
35 47
35 48
35 49
35 53
35 55
35 56
35 57
35 61
35 65
35 67
35 72
35 74
35 76
35 77
35 81
35 82
35 83
35 84
35 85
35 89
35 90
35 91
35 92
35 93
35 94
35 95
35 97
35 100
35 102
35 103
35 105
35 106
35 109
35 110
35 111
35 112
35 116
35 117
35 118
35 119
35 122
35 124
35 130
35 131
35 134
35 135
35 137
35 138
35 141
35 146
35 147
35 153
35 154
35 157
35 161
35 166
35 167
35 169
35 171
35 172
35 173
35 180
35 181
35 182
35 183
35 184
35 185
35 186
35 188
35 192
35 193
35 195
35 197
35 198
36 39
36 41
36 45
36 46
36 47
36 50
36 52
36 60
36 61
36 62
36 65
36 66
36 70
36 72
36 73
36 76
36 77
36 80
36 87
36 88
36 90
36 91
36 92
36 94
36 95
36 96
36 103
36 107
36 109
36 111
36 115
36 117
36 119
36 120
36 121
36 128
36 129
36 130
36 131
36 136
36 139
36 140
36 141
36 143
36 144
36 146
36 147
36 148
36 149
36 154
36 155
36 156
36 158
36 161
36 162
36 164
36 165
36 166
36 168
36 172
36 173
36 174
36 175
36 181
36 182
36 183
36 185
36 186
36 187
36 188
36 189
36 190
36 191
36 192
36 193
36 194
36 196
36 199
36 200
37 41
37 42
37 44
37 46
37 47
37 48
37 50
37 54
37 55
37 59
37 60
37 61
37 62
37 64
37 65
37 67
37 69
37 70
37 71
37 74
37 75
37 76
37 77
37 80
37 81
37 82
37 83
37 84
37 86
37 87
37 89
37 91
37 92
37 93
37 94
37 95
37 98
37 100
37 101
37 102
37 103
37 104
37 106
37 107
37 108
37 109
37 110
37 114
37 116
37 118
37 121
37 125
37 130
37 131
37 134
37 136
37 137
37 140
37 142
37 143
37 145
37 146
37 150
37 151
37 154
37 157
37 158
37 161
37 166
37 168
37 169
37 174
37 178
37 179
37 180
37 182
37 184
37 185
37 186
37 189
37 190
37 192
37 194
37 196
37 197
37 198
37 199
37 200
38 39
38 40
38 42
38 43
38 49
38 50
38 52
38 53
38 54
38 60
38 61
38 63
38 64
38 65
38 68
38 69
38 71
38 72
38 73
38 74
38 79
38 80
38 81
38 82
38 84
38 89
38 95
38 97
38 102
38 103
38 106
38 107
38 109
38 110
38 111
38 114
38 117
38 119
38 122
38 124
38 126
38 127
38 128
38 129
38 132
38 135
38 137
38 141
38 142
38 143
38 144
38 146
38 147
38 149
38 151
38 153
38 154
38 156
38 158
38 159
38 161
38 165
38 166
38 167
38 168
38 171
38 173
38 175
38 177
38 187
38 190
38 191
38 195
38 196
38 199
38 200
39 40
39 43
39 44
39 46
39 47
39 50
39 51
39 52
39 54
39 55
39 59
39 62
39 65
39 66
39 69
39 74
39 75
39 76
39 78
39 80
39 86
39 89
39 90
39 92
39 93
39 94
39 95
39 96
39 97
39 99
39 100
39 103
39 104
39 107
39 108
39 113
39 114
39 115
39 119
39 122
39 123
39 124
39 126
39 130
39 132
39 135
39 136
39 138
39 139
39 140
39 144
39 145
39 146
39 149
39 152
39 153
39 154
39 155
39 156
39 158
39 159
39 160
39 161
39 163
39 165
39 166
39 169
39 173
39 178
39 180
39 183
39 185
39 186
39 194
39 195
39 196
39 197
39 198
39 199
39 200
40 41
40 42
40 50
40 51
40 52
40 54
40 55
40 56
40 58
40 59
40 60
40 61
40 63
40 64
40 65
40 66
40 67
40 69
40 70
40 71
40 73
40 76
40 78
40 79
40 80
40 81
40 82
40 85
40 89
40 91
40 92
40 95
40 97
40 99
40 101
40 103
40 104
40 107
40 109
40 111
40 112
40 114
40 115
40 116
40 117
40 119
40 130
40 135
40 137
40 138
40 139
40 141
40 142
40 144
40 147
40 151
40 153
40 157
40 158
40 159
40 160
40 161
40 163
40 164
40 166
40 167
40 169
40 171
40 176
40 177
40 178
40 180
40 181
40 182
40 183
40 186
40 189
40 190
40 192
40 195
40 197
40 199
40 200
41 42
41 43
41 45
41 46
41 50
41 55
41 58
41 59
41 64
41 65
41 69
41 71
41 72
41 75
41 79
41 80
41 81
41 84
41 85
41 86
41 88
41 91
41 92
41 94
41 96
41 97
41 101
41 102
41 106
41 107
41 109
41 110
41 114
41 116
41 118
41 119
41 120
41 122
41 124
41 125
41 126
41 127
41 130
41 132
41 134
41 136
41 137
41 139
41 141
41 142
41 144
41 145
41 146
41 147
41 149
41 151
41 152
41 153
41 154
41 155
41 156
41 160
41 161
41 162
41 167
41 170
41 172
41 173
41 175
41 178
41 179
41 181
41 182
41 185
41 187
41 188
41 190
41 192
41 193
41 194
41 196
41 198
41 200
42 43
42 44
42 47
42 48
42 49
42 50
42 52
42 54
42 56
42 58
42 59
42 60
42 61
42 63
42 65
42 67
42 69
42 70
42 71
42 75
42 76
42 77
42 78
42 79
42 81
42 82
42 84
42 88
42 89
42 92
42 94
42 96
42 97
42 98
42 99
42 101
42 106
42 108
42 109
42 110
42 112
42 113
42 115
42 116
42 117
42 118
42 120
42 123
42 124
42 126
42 129
42 130
42 131
42 132
42 133
42 134
42 136
42 137
42 139
42 141
42 144
42 146
42 147
42 149
42 150
42 151
42 153
42 155
42 156
42 160
42 161
42 162
42 164
42 165
42 167
42 168
42 169
42 170
42 174
42 175
42 177
42 186
42 187
42 189
42 190
42 192
42 194
42 195
42 197
42 199
43 45
43 46
43 49
43 50
43 51
43 53
43 54
43 55
43 57
43 58
43 61
43 65
43 66
43 67
43 69
43 72
43 75
43 76
43 78
43 79
43 81
43 83
43 84
43 86
43 87
43 89
43 92
43 94
43 96
43 98
43 101
43 103
43 106
43 107
43 108
43 113
43 114
43 118
43 120
43 122
43 123
43 127
43 128
43 129
43 131
43 132
43 134
43 136
43 140
43 143
43 147
43 148
43 149
43 150
43 151
43 152
43 159
43 161
43 162
43 163
43 165
43 166
43 168
43 173
43 174
43 177
43 179
43 180
43 181
43 183
43 184
43 185
43 188
43 194
43 198
43 199
44 45
44 46
44 49
44 50
44 51
44 52
44 54
44 55
44 56
44 57
44 58
44 60
44 62
44 63
44 64
44 66
44 67
44 71
44 72
44 78
44 79
44 80
44 84
44 85
44 87
44 88
44 92
44 95
44 97
44 103
44 104
44 105
44 107
44 108
44 109
44 112
44 113
44 115
44 118
44 119
44 120
44 121
44 125
44 126
44 127
44 128
44 129
44 132
44 133
44 136
44 137
44 141
44 142
44 143
44 145
44 147
44 154
44 158
44 159
44 160
44 162
44 163
44 165
44 166
44 167
44 168
44 169
44 171
44 172
44 174
44 175
44 176
44 177
44 178
44 179
44 183
44 185
44 189
44 190
44 191
44 192
44 197
44 198
44 200
45 46
45 49
45 51
45 52
45 58
45 60
45 63
45 64
45 65
45 66
45 67
45 78
45 82
45 84
45 85
45 87
45 93
45 96
45 97
45 99
45 100
45 101
45 105
45 106
45 109
45 110
45 113
45 115
45 116
45 117
45 120
45 123
45 124
45 125
45 128
45 130
45 134
45 137
45 139
45 142
45 143
45 148
45 149
45 152
45 153
45 154
45 157
45 158
45 159
45 161
45 162
45 163
45 164
45 165
45 166
45 169
45 172
45 174
45 177
45 178
45 181
45 182
45 183
45 184
45 185
45 187
45 193
45 194
45 197
45 199
45 200
46 48
46 49
46 56
46 58
46 62
46 64
46 65
46 66
46 67
46 70
46 71
46 72
46 73
46 76
46 77
46 78
46 79
46 81
46 82
46 84
46 85
46 86
46 87
46 91
46 95
46 99
46 100
46 101
46 107
46 110
46 111
46 114
46 116
46 117
46 118
46 119
46 121
46 122
46 124
46 128
46 132
46 134
46 138
46 144
46 149
46 152
46 153
46 155
46 156
46 158
46 159
46 165
46 169
46 170
46 171
46 172
46 173
46 177
46 179
46 180
46 181
46 182
46 183
46 185
46 186
46 187
46 189
46 191
46 194
46 196
47 51
47 52
47 53
47 54
47 55
47 57
47 59
47 60
47 61
47 65
47 67
47 74
47 75
47 82
47 83
47 85
47 88
47 90
47 92
47 94
47 96
47 97
47 98
47 99
47 103
47 104
47 105
47 106
47 110
47 112
47 113
47 114
47 115
47 124
47 125
47 126
47 128
47 129
47 130
47 131
47 133
47 134
47 135
47 136
47 139
47 141
47 142
47 143
47 144
47 148
47 149
47 150
47 152
47 155
47 156
47 157
47 158
47 159
47 160
47 161
47 162
47 163
47 164
47 165
47 166
47 168
47 170
47 171
47 173
47 175
47 180
47 184
47 186
47 187
47 188
47 189
47 193
47 196
47 198
48 49
48 51
48 52
48 54
48 55
48 56
48 58
48 59
48 60
48 61
48 65
48 66
48 68
48 69
48 70
48 71
48 74
48 75
48 77
48 78
48 79
48 80
48 81
48 83
48 85
48 86
48 87
48 93
48 94
48 96
48 98
48 99
48 100
48 101
48 102
48 103
48 104
48 106
48 109
48 110
48 111
48 112
48 113
48 118
48 120
48 121
48 123
48 124
48 125
48 127
48 128
48 130
48 133
48 135
48 137
48 139
48 141
48 142
48 144
48 146
48 147
48 148
48 149
48 150
48 153
48 154
48 155
48 160
48 161
48 164
48 165
48 169
48 170
48 171
48 174
48 175
48 178
48 179
48 180
48 182
48 188
48 190
48 191
48 193
48 194
48 195
48 197
48 198
49 50
49 52
49 53
49 56
49 57
49 58
49 61
49 62
49 63
49 64
49 68
49 69
49 72
49 73
49 77
49 78
49 80
49 82
49 83
49 84
49 85
49 88
49 90
49 93
49 94
49 95
49 97
49 98
49 99
49 100
49 101
49 102
49 103
49 105
49 106
49 109
49 112
49 115
49 116
49 117
49 118
49 119
49 121
49 122
49 123
49 124
49 125
49 128
49 131
49 132
49 137
49 138
49 139
49 140
49 141
49 143
49 144
49 145
49 147
49 150
49 151
49 152
49 155
49 156
49 160
49 163
49 164
49 165
49 166
49 167
49 168
49 169
49 170
49 171
49 174
49 175
49 176
49 178
49 180
49 181
49 182
49 187
49 189
49 192
49 194
49 195
49 199
49 200
50 51
50 53
50 55
50 56
50 57
50 58
50 63
50 64
50 66
50 69
50 70
50 71
50 72
50 74
50 76
50 77
50 78
50 79
50 81
50 82
50 84
50 86
50 88
50 91
50 92
50 93
50 95
50 97
50 98
50 100
50 101
50 102
50 104
50 106
50 107
50 108
50 110
50 114
50 118
50 119
50 121
50 122
50 123
50 127
50 128
50 132
50 135
50 142
50 144
50 148
50 149
50 150
50 152
50 154
50 155
50 157
50 158
50 161
50 162
50 164
50 167
50 168
50 170
50 173
50 174
50 176
50 178
50 180
50 181
50 182
50 183
50 184
50 186
50 189
50 190
50 191
50 193
50 194
50 199
50 200
51 52
51 53
51 56
51 57
51 60
51 63
51 64
51 67
51 69
51 70
51 72
51 75
51 76
51 83
51 84
51 85
51 86
51 87
51 88
51 89
51 92
51 94
51 96
51 98
51 99
51 101
51 102
51 103
51 105
51 106
51 107
51 112
51 113
51 114
51 120
51 122
51 123
51 126
51 128
51 130
51 131
51 133
51 135
51 138
51 145
51 146
51 148
51 149
51 151
51 153
51 154
51 155
51 156
51 157
51 160
51 161
51 162
51 163
51 164
51 168
51 169
51 170
51 171
51 172
51 174
51 175
51 180
51 182
51 185
51 186
51 187
51 188
51 189
51 190
51 191
51 192
51 193
51 195
51 197
51 198
51 199
52 53
52 55
52 56
52 57
52 58
52 59
52 60
52 61
52 62
52 66
52 67
52 69
52 71
52 72
52 73
52 75
52 81
52 82
52 83
52 84
52 86
52 88
52 89
52 90
52 95
52 105
52 106
52 107
52 111
52 113
52 114
52 115
52 117
52 118
52 121
52 122
52 124
52 125
52 127
52 128
52 130
52 132
52 136
52 140
52 141
52 142
52 147
52 148
52 149
52 151
52 152
52 154
52 155
52 158
52 159
52 160
52 161
52 162
52 164
52 165
52 166
52 167
52 169
52 170
52 171
52 172
52 173
52 174
52 180
52 181
52 184
52 186
52 187
52 188
52 191
52 198
52 200
53 54
53 55
53 56
53 58
53 60
53 61
53 63
53 64
53 65
53 67
53 68
53 69
53 70
53 71
53 77
53 78
53 79
53 81
53 85
53 86
53 88
53 90
53 91
53 95
53 96
53 97
53 100
53 101
53 102
53 103
53 104
53 105
53 107
53 111
53 113
53 116
53 120
53 122
53 124
53 125
53 128
53 129
53 130
53 133
53 136
53 137
53 138
53 139
53 140
53 142
53 144
53 147
53 149
53 150
53 152
53 153
53 157
53 160
53 163
53 164
53 165
53 166
53 167
53 168
53 169
53 171
53 172
53 177
53 179
53 181
53 183
53 186
53 187
53 191
53 196
53 200
54 56
54 57
54 59
54 62
54 64
54 66
54 72
54 73
54 75
54 76
54 78
54 79
54 81
54 82
54 83
54 92
54 93
54 94
54 95
54 97
54 98
54 100
54 102
54 103
54 104
54 107
54 111
54 115
54 117
54 118
54 122
54 123
54 124
54 127
54 128
54 129
54 130
54 131
54 132
54 134
54 136
54 137
54 138
54 139
54 143
54 145
54 146
54 149
54 152
54 153
54 156
54 157
54 160
54 163
54 164
54 165
54 167
54 170
54 172
54 173
54 174
54 175
54 178
54 180
54 185
54 187
54 190
54 191
54 192
54 197
54 199
55 56
55 57
55 58
55 59
55 62
55 63
55 64
55 65
55 67
55 68
55 69
55 70
55 75
55 76
55 78
55 80
55 83
55 84
55 85
55 87
55 89
55 93
55 94
55 95
55 96
55 97
55 98
55 99
55 100
55 101
55 107
55 114
55 117
55 119
55 123
55 124
55 129
55 130
55 132
55 133
55 137
55 141
55 142
55 143
55 145
55 146
55 148
55 149
55 151
55 153
55 154
55 155
55 157
55 158
55 159
55 160
55 163
55 164
55 165
55 166
55 167
55 168
55 171
55 173
55 175
55 176
55 177
55 181
55 182
55 183
55 184
55 191
55 192
55 196
55 200
56 58
56 63
56 64
56 66
56 67
56 68
56 71
56 73
56 74
56 75
56 76
56 77
56 78
56 79
56 82
56 87
56 91
56 94
56 99
56 101
56 104
56 105
56 107
56 109
56 110
56 115
56 117
56 118
56 119
56 121
56 122
56 123
56 124
56 125
56 128
56 133
56 134
56 135
56 136
56 137
56 138
56 140
56 141
56 143
56 145
56 148
56 152
56 161
56 164
56 165
56 167
56 171
56 172
56 175
56 179
56 183
56 185
56 186
56 187
56 189
56 191
56 192
56 198
57 58
57 59
57 60
57 61
57 62
57 63
57 66
57 69
57 70
57 72
57 73
57 74
57 75
57 76
57 78
57 79
57 81
57 82
57 83
57 85
57 87
57 90
57 92
57 94
57 96
57 97
57 98
57 101
57 102
57 103
57 107
57 109
57 110
57 113
57 114
57 116
57 120
57 121
57 124
57 127
57 129
57 131
57 132
57 133
57 136
57 137
57 138
57 140
57 142
57 144
57 145
57 146
57 149
57 150
57 152
57 153
57 154
57 155
57 156
57 157
57 158
57 160
57 161
57 162
57 163
57 164
57 165
57 168
57 169
57 170
57 175
57 176
57 177
57 181
57 182
57 183
57 184
57 189
57 190
57 191
57 192
57 194
57 195
57 198
58 59
58 60
58 68
58 70
58 71
58 74
58 75
58 76
58 77
58 78
58 79
58 83
58 84
58 85
58 90
58 91
58 92
58 93
58 95
58 96
58 99
58 102
58 105
58 108
58 113
58 114
58 115
58 116
58 118
58 119
58 120
58 124
58 125
58 126
58 128
58 129
58 133
58 136
58 138
58 140
58 141
58 144
58 145
58 147
58 149
58 150
58 154
58 155
58 157
58 164
58 167
58 168
58 169
58 172
58 173
58 174
58 175
58 176
58 177
58 178
58 180
58 181
58 183
58 186
58 187
58 189
58 192
58 193
58 195
58 197
58 198
58 199
59 60
59 64
59 66
59 67
59 71
59 73
59 74
59 75
59 76
59 78
59 80
59 81
59 83
59 85
59 86
59 87
59 88
59 91
59 94
59 96
59 98
59 100
59 101
59 103
59 104
59 106
59 109
59 111
59 112
59 115
59 117
59 119
59 120
59 121
59 124
59 126
59 127
59 132
59 134
59 137
59 138
59 139
59 140
59 141
59 142
59 146
59 151
59 153
59 155
59 156
59 158
59 159
59 160
59 161
59 164
59 165
59 167
59 168
59 169
59 171
59 172
59 173
59 174
59 177
59 180
59 184
59 186
59 187
59 188
59 189
59 191
59 192
59 193
59 195
59 199
60 63
60 64
60 70
60 71
60 72
60 75
60 77
60 79
60 82
60 85
60 87
60 88
60 89
60 91
60 92
60 98
60 99
60 100
60 101
60 102
60 103
60 105
60 108
60 109
60 110
60 111
60 112
60 114
60 115
60 118
60 120
60 121
60 122
60 123
60 126
60 127
60 130
60 132
60 133
60 134
60 135
60 139
60 141
60 142
60 143
60 144
60 145
60 147
60 148
60 150
60 152
60 161
60 164
60 165
60 169
60 170
60 171
60 174
60 176
60 177
60 178
60 180
60 181
60 185
60 192
60 193
60 194
60 196
60 198
60 199
60 200
61 68
61 70
61 72
61 73
61 74
61 76
61 80
61 81
61 82
61 83
61 84
61 86
61 87
61 89
61 91
61 95
61 101
61 106
61 107
61 108
61 109
61 116
61 119
61 120
61 122
61 125
61 128
61 134
61 135
61 136
61 142
61 143
61 144
61 145
61 147
61 148
61 150
61 152
61 153
61 157
61 158
61 159
61 160
61 163
61 164
61 168
61 169
61 170
61 173
61 176
61 180
61 181
61 182
61 185
61 187
61 188
61 189
61 193
61 194
61 195
61 196
61 198
62 63
62 64
62 68
62 70
62 71
62 74
62 75
62 78
62 81
62 82
62 83
62 85
62 91
62 92
62 94
62 95
62 96
62 98
62 104
62 108
62 109
62 110
62 111
62 113
62 119
62 120
62 121
62 122
62 125
62 126
62 127
62 129
62 133
62 135
62 140
62 142
62 143
62 147
62 149
62 150
62 160
62 161
62 162
62 163
62 164
62 165
62 167
62 168
62 169
62 170
62 171
62 173
62 174
62 176
62 181
62 182
62 183
62 184
62 185
62 188
62 189
62 192
62 193
62 194
62 196
62 199
63 66
63 72
63 73
63 74
63 76
63 77
63 78
63 79
63 80
63 85
63 87
63 90
63 92
63 95
63 96
63 97
63 98
63 100
63 109
63 110
63 111
63 112
63 113
63 114
63 116
63 118
63 119
63 121
63 123
63 124
63 125
63 127
63 130
63 131
63 132
63 134
63 135
63 139
63 140
63 141
63 142
63 143
63 145
63 147
63 148
63 153
63 154
63 155
63 157
63 158
63 162
63 163
63 166
63 167
63 168
63 170
63 171
63 173
63 176
63 177
63 178
63 179
63 180
63 181
63 186
63 187
63 188
63 189
63 192
63 193
63 194
63 200
64 65
64 66
64 69
64 71
64 74
64 76
64 77
64 79
64 80
64 81
64 82
64 84
64 85
64 86
64 92
64 94
64 95
64 97
64 98
64 100
64 102
64 105
64 106
64 107
64 108
64 109
64 115
64 120
64 121
64 122
64 123
64 127
64 128
64 129
64 131
64 132
64 133
64 134
64 136
64 137
64 138
64 139
64 141
64 143
64 145
64 150
64 151
64 153
64 154
64 156
64 157
64 159
64 161
64 162
64 163
64 165
64 170
64 172
64 173
64 177
64 178
64 179
64 182
64 186
64 187
64 193
64 198
65 66
65 71
65 73
65 74
65 75
65 76
65 77
65 79
65 80
65 81
65 82
65 83
65 85
65 86
65 89
65 92
65 93
65 96
65 97
65 98
65 100
65 101
65 102
65 103
65 104
65 105
65 109
65 110
65 111
65 113
65 114
65 118
65 122
65 123
65 127
65 128
65 129
65 136
65 138
65 140
65 141
65 143
65 145
65 147
65 149
65 150
65 151
65 154
65 155
65 159
65 160
65 162
65 163
65 165
65 166
65 169
65 170
65 172
65 173
65 175
65 176
65 179
65 180
65 181
65 185
65 193
65 194
65 195
65 196
65 197
65 199
65 200
66 70
66 71
66 72
66 73
66 74
66 75
66 76
66 77
66 82
66 83
66 85
66 92
66 93
66 94
66 101
66 104
66 105
66 107
66 108
66 110
66 118
66 123
66 124
66 126
66 134
66 136
66 137
66 138
66 139
66 140
66 142
66 144
66 145
66 146
66 149
66 150
66 151
66 152
66 153
66 155
66 156
66 157
66 158
66 162
66 164
66 165
66 167
66 170
66 171
66 174
66 180
66 182
66 183
66 184
66 188
66 189
66 192
66 195
66 196
66 198
66 199
67 71
67 74
67 75
67 80
67 81
67 84
67 87
67 91
67 92
67 93
67 101
67 106
67 107
67 109
67 110
67 113
67 115
67 118
67 119
67 120
67 122
67 123
67 125
67 126
67 129
67 130
67 131
67 132
67 133
67 134
67 136
67 137
67 138
67 139
67 141
67 142
67 143
67 144
67 148
67 149
67 151
67 153
67 156
67 159
67 160
67 161
67 165
67 167
67 168
67 169
67 170
67 171
67 172
67 174
67 176
67 177
67 178
67 179
67 180
67 181
67 183
67 185
67 186
67 187
67 189
67 195
67 196
67 197
67 198
67 199
67 200
68 70
68 73
68 74
68 77
68 78
68 79
68 80
68 83
68 84
68 87
68 90
68 91
68 93
68 95
68 96
68 97
68 98
68 99
68 100
68 101
68 110
68 112
68 113
68 115
68 118
68 120
68 121
68 123
68 124
68 125
68 127
68 129
68 132
68 133
68 135
68 137
68 138
68 139
68 142
68 143
68 144
68 150
68 152
68 153
68 154
68 156
68 157
68 158
68 159
68 160
68 164
68 166
68 167
68 170
68 171
68 172
68 173
68 175
68 178
68 184
68 185
68 186
68 187
68 188
68 189
68 190
68 191
68 193
68 195
68 196
68 198
68 200
69 70
69 72
69 73
69 74
69 75
69 77
69 81
69 83
69 88
69 91
69 92
69 96
69 97
69 98
69 101
69 102
69 104
69 105
69 107
69 108
69 109
69 115
69 116
69 117
69 118
69 119
69 120
69 121
69 122
69 123
69 124
69 126
69 129
69 133
69 134
69 135
69 138
69 139
69 140
69 143
69 144
69 145
69 147
69 148
69 150
69 151
69 153
69 156
69 157
69 158
69 161
69 162
69 165
69 166
69 170
69 171
69 172
69 175
69 177
69 186
69 187
69 188
69 192
69 193
69 194
69 198
69 200
70 72
70 74
70 76
70 78
70 80
70 81
70 82
70 83
70 87
70 89
70 91
70 92
70 93
70 94
70 99
70 100
70 103
70 105
70 106
70 107
70 108
70 109
70 111
70 113
70 116
70 117
70 121
70 122
70 123
70 124
70 126
70 129
70 130
70 138
70 140
70 146
70 147
70 149
70 151
70 153
70 154
70 156
70 157
70 158
70 159
70 160
70 162
70 165
70 168
70 169
70 170
70 171
70 173
70 176
70 177
70 179
70 181
70 183
70 187
70 188
70 189
70 191
70 192
70 197
70 198
70 199
70 200
71 78
71 80
71 81
71 82
71 85
71 86
71 87
71 88
71 91
71 93
71 94
71 95
71 96
71 98
71 100
71 101
71 105
71 106
71 108
71 114
71 115
71 116
71 117
71 118
71 119
71 122
71 125
71 126
71 127
71 131
71 133
71 134
71 136
71 141
71 143
71 144
71 147
71 148
71 149
71 153
71 154
71 155
71 161
71 163
71 165
71 166
71 168
71 170
71 171
71 176
71 177
71 178
71 180
71 182
71 183
71 185
71 186
71 190
71 192
71 193
71 194
71 196
71 197
71 199
71 200
72 74
72 75
72 76
72 79
72 81
72 86
72 89
72 90
72 94
72 95
72 96
72 97
72 101
72 102
72 106
72 109
72 110
72 112
72 116
72 117
72 118
72 119
72 120
72 121
72 122
72 128
72 129
72 130
72 133
72 134
72 136
72 138
72 139
72 141
72 142
72 143
72 145
72 146
72 147
72 148
72 152
72 154
72 157
72 161
72 166
72 168
72 176
72 178
72 179
72 181
72 183
72 184
72 187
72 188
72 190
72 191
72 193
72 199
73 75
73 76
73 79
73 81
73 83
73 88
73 89
73 93
73 95
73 97
73 105
73 110
73 114
73 117
73 119
73 121
73 124
73 126
73 127
73 130
73 132
73 134
73 137
73 138
73 142
73 143
73 145
73 147
73 148
73 149
73 153
73 154
73 156
73 158
73 164
73 167
73 171
73 172
73 173
73 174
73 177
73 178
73 180
73 181
73 182
73 190
73 194
73 196
73 197
73 198
73 200
74 77
74 82
74 86
74 88
74 89
74 95
74 96
74 97
74 100
74 102
74 103
74 104
74 105
74 106
74 107
74 110
74 112
74 113
74 115
74 116
74 118
74 119
74 122
74 123
74 126
74 129
74 133
74 134
74 135
74 136
74 141
74 144
74 145
74 146
74 149
74 151
74 152
74 154
74 155
74 156
74 157
74 163
74 166
74 167
74 169
74 170
74 171
74 172
74 173
74 175
74 177
74 179
74 180
74 181
74 182
74 186
74 187
74 189
74 192
74 193
74 195
74 196
74 199
74 200
75 78
75 81
75 85
75 88
75 90
75 91
75 95
75 96
75 97
75 99
75 101
75 102
75 104
75 106
75 107
75 109
75 116
75 118
75 119
75 120
75 122
75 123
75 127
75 129
75 130
75 133
75 136
75 137
75 141
75 145
75 146
75 147
75 150
75 154
75 158
75 159
75 161
75 162
75 164
75 171
75 172
75 173
75 174
75 175
75 177
75 182
75 186
75 187
75 190
75 191
75 193
75 194
75 196
75 200
76 84
76 85
76 86
76 87
76 90
76 91
76 94
76 95
76 96
76 97
76 99
76 102
76 103
76 106
76 108
76 110
76 113
76 114
76 115
76 118
76 119
76 120
76 122
76 123
76 124
76 125
76 128
76 129
76 132
76 134
76 138
76 139
76 140
76 143
76 144
76 148
76 149
76 150
76 152
76 153
76 155
76 156
76 157
76 159
76 162
76 163
76 164
76 165
76 166
76 168
76 169
76 172
76 173
76 175
76 179
76 180
76 183
76 186
76 187
76 188
76 189
76 191
76 193
76 194
76 197
76 199
76 200
77 79
77 81
77 83
77 85
77 86
77 89
77 90
77 91
77 94
77 96
77 99
77 101
77 102
77 105
77 108
77 110
77 113
77 114
77 115
77 120
77 121
77 122
77 123
77 126
77 127
77 130
77 131
77 133
77 134
77 136
77 137
77 138
77 146
77 148
77 151
77 152
77 153
77 154
77 155
77 157
77 158
77 159
77 161
77 162
77 164
77 168
77 172
77 174
77 175
77 177
77 178
77 179
77 181
77 182
77 184
77 186
77 188
77 191
77 193
77 195
77 200
78 79
78 80
78 82
78 83
78 84
78 86
78 87
78 89
78 91
78 93
78 95
78 96
78 97
78 98
78 103
78 104
78 106
78 109
78 113
78 117
78 122
78 123
78 124
78 128
78 129
78 135
78 136
78 137
78 139
78 140
78 141
78 144
78 146
78 147
78 148
78 149
78 152
78 153
78 154
78 156
78 157
78 158
78 159
78 161
78 162
78 166
78 167
78 168
78 169
78 170
78 174
78 177
78 179
78 180
78 183
78 184
78 186
78 192
78 193
78 194
78 197
78 198
79 80
79 81
79 83
79 86
79 89
79 91
79 93
79 94
79 95
79 98
79 99
79 101
79 102
79 103
79 105
79 106
79 108
79 112
79 114
79 116
79 117
79 122
79 124
79 125
79 126
79 129
79 133
79 134
79 141
79 143
79 148
79 153
79 155
79 158
79 162
79 163
79 165
79 166
79 168
79 169
79 170
79 171
79 172
79 180
79 187
79 188
79 191
79 193
79 195
79 197
79 200
80 83
80 84
80 88
80 90
80 91
80 92
80 93
80 94
80 95
80 99
80 101
80 103
80 105
80 106
80 107
80 108
80 109
80 114
80 116
80 117
80 119
80 120
80 123
80 127
80 128
80 130
80 133
80 134
80 138
80 143
80 144
80 146
80 147
80 148
80 149
80 151
80 152
80 157
80 161
80 162
80 163
80 164
80 166
80 167
80 168
80 174
80 175
80 178
80 179
80 181
80 182
80 183
80 184
80 185
80 189
80 191
80 192
80 193
80 194
80 198
80 199
81 85
81 87
81 89
81 90
81 91
81 94
81 95
81 100
81 101
81 102
81 103
81 104
81 107
81 109
81 110
81 111
81 114
81 116
81 117
81 120
81 121
81 122
81 125
81 130
81 131
81 132
81 134
81 135
81 137
81 138
81 145
81 146
81 147
81 149
81 151
81 152
81 153
81 154
81 157
81 158
81 161
81 165
81 168
81 171
81 172
81 178
81 180
81 181
81 184
81 187
81 188
81 189
81 192
81 193
81 194
81 195
81 198
82 84
82 85
82 93
82 94
82 95
82 96
82 97
82 98
82 99
82 103
82 104
82 106
82 107
82 108
82 109
82 111
82 115
82 118
82 119
82 120
82 123
82 124
82 125
82 127
82 129
82 131
82 132
82 133
82 135
82 137
82 139
82 140
82 141
82 143
82 145
82 147
82 149
82 150
82 154
82 155
82 156
82 158
82 159
82 160
82 164
82 168
82 170
82 171
82 175
82 176
82 177
82 178
82 179
82 180
82 183
82 186
82 187
82 189
82 191
82 192
82 193
82 195
82 196
82 198
82 199
83 85
83 86
83 90
83 91
83 92
83 96
83 97
83 99
83 104
83 107
83 108
83 110
83 112
83 113
83 114
83 115
83 118
83 119
83 121
83 124
83 125
83 126
83 132
83 134
83 135
83 136
83 139
83 140
83 144
83 145
83 146
83 148
83 150
83 159
83 163
83 165
83 167
83 170
83 171
83 172
83 173
83 174
83 175
83 178
83 179
83 180
83 181
83 183
83 184
83 186
83 187
83 188
83 191
83 192
83 194
83 199
84 86
84 87
84 88
84 89
84 91
84 92
84 94
84 96
84 98
84 100
84 101
84 103
84 104
84 110
84 112
84 114
84 116
84 117
84 118
84 119
84 120
84 121
84 122
84 123
84 124
84 129
84 131
84 133
84 135
84 137
84 139
84 141
84 143
84 145
84 150
84 152
84 157
84 158
84 159
84 160
84 161
84 162
84 163
84 164
84 167
84 170
84 171
84 172
84 173
84 175
84 178
84 179
84 180
84 181
84 186
84 187
84 188
84 189
84 191
84 194
84 195
84 196
84 197
84 200
85 87
85 88
85 90
85 91
85 95
85 98
85 99
85 100
85 103
85 104
85 106
85 107
85 108
85 109
85 115
85 116
85 117
85 120
85 121
85 123
85 125
85 126
85 127
85 130
85 131
85 132
85 133
85 135
85 136
85 138
85 139
85 141
85 144
85 145
85 147
85 149
85 150
85 152
85 155
85 156
85 157
85 160
85 167
85 173
85 174
85 175
85 176
85 177
85 179
85 180
85 182
85 184
85 185
85 186
85 188
85 190
85 191
85 199
85 200
86 89
86 91
86 94
86 95
86 98
86 100
86 102
86 103
86 105
86 106
86 118
86 119
86 120
86 123
86 124
86 125
86 130
86 131
86 134
86 135
86 138
86 139
86 142
86 143
86 144
86 146
86 148
86 149
86 150
86 153
86 154
86 160
86 163
86 165
86 166
86 167
86 170
86 171
86 173
86 177
86 180
86 181
86 186
86 187
86 190
86 192
86 193
86 195
86 198
86 200
87 91
87 95
87 96
87 97
87 100
87 102
87 104
87 105
87 106
87 107
87 109
87 110
87 121
87 123
87 125
87 128
87 129
87 131
87 134
87 137
87 138
87 140
87 141
87 142
87 144
87 146
87 147
87 150
87 154
87 155
87 159
87 160
87 161
87 163
87 165
87 168
87 171
87 172
87 173
87 175
87 176
87 179
87 180
87 182
87 183
87 184
87 188
87 189
87 190
87 194
87 195
87 196
88 90
88 92
88 94
88 96
88 97
88 98
88 99
88 104
88 108
88 110
88 111
88 113
88 115
88 116
88 117
88 118
88 120
88 122
88 123
88 124
88 127
88 128
88 129
88 130
88 132
88 135
88 138
88 139
88 141
88 144
88 145
88 147
88 148
88 149
88 150
88 151
88 152
88 153
88 158
88 163
88 164
88 170
88 172
88 173
88 174
88 178
88 180
88 181
88 183
88 187
88 189
88 191
88 192
88 194
88 195
88 196
89 91
89 92
89 95
89 96
89 98
89 100
89 101
89 104
89 107
89 109
89 111
89 112
89 114
89 116
89 117
89 118
89 119
89 120
89 122
89 125
89 126
89 128
89 129
89 131
89 132
89 134
89 135
89 139
89 141
89 147
89 150
89 151
89 155
89 156
89 157
89 158
89 159
89 160
89 163
89 164
89 166
89 168
89 172
89 173
89 174
89 184
89 187
89 189
89 190
89 191
89 193
89 194
89 196
90 91
90 94
90 97
90 98
90 103
90 105
90 106
90 107
90 110
90 115
90 116
90 118
90 120
90 122
90 123
90 124
90 127
90 128
90 129
90 136
90 140
90 141
90 142
90 145
90 146
90 150
90 151
90 152
90 153
90 154
90 156
90 157
90 159
90 163
90 164
90 165
90 167
90 168
90 173
90 176
90 178
90 179
90 180
90 182
90 183
90 185
90 186
90 187
90 188
90 190
90 192
90 193
90 194
90 195
90 197
91 92
91 98
91 100
91 102
91 103
91 104
91 105
91 107
91 109
91 111
91 112
91 113
91 116
91 117
91 118
91 119
91 120
91 121
91 122
91 123
91 124
91 125
91 126
91 127
91 129
91 131
91 133
91 136
91 138
91 139
91 140
91 141
91 142
91 144
91 148
91 149
91 151
91 152
91 153
91 155
91 156
91 157
91 158
91 159
91 160
91 162
91 163
91 165
91 166
91 167
91 168
91 170
91 172
91 176
91 177
91 179
91 180
91 181
91 182
91 183
91 184
91 185
91 188
91 189
91 190
91 191
91 192
91 194
91 195
91 196
91 198
92 98
92 99
92 103
92 104
92 106
92 108
92 109
92 110
92 111
92 115
92 117
92 118
92 120
92 125
92 126
92 127
92 128
92 129
92 130
92 132
92 135
92 136
92 138
92 141
92 142
92 144
92 146
92 147
92 149
92 150
92 158
92 160
92 161
92 162
92 163
92 164
92 165
92 167
92 172
92 173
92 174
92 176
92 181
92 182
92 183
92 184
92 186
92 187
92 188
92 190
92 191
92 194
92 195
92 196
92 197
92 199
93 95
93 96
93 97
93 99
93 101
93 103
93 104
93 105
93 109
93 111
93 112
93 113
93 114
93 115
93 116
93 118
93 119
93 121
93 123
93 124
93 126
93 127
93 130
93 132
93 136
93 138
93 139
93 140
93 142
93 144
93 145
93 147
93 148
93 152
93 157
93 163
93 164
93 166
93 171
93 173
93 174
93 178
93 180
93 181
93 182
93 186
93 187
93 192
93 193
93 194
93 195
93 198
93 199
94 95
94 96
94 97
94 98
94 99
94 102
94 109
94 113
94 114
94 115
94 118
94 120
94 121
94 124
94 126
94 127
94 134
94 135
94 136
94 138
94 140
94 141
94 142
94 144
94 145
94 147
94 149
94 150
94 152
94 153
94 160
94 162
94 164
94 168
94 170
94 171
94 172
94 174
94 176
94 177
94 178
94 180
94 182
94 183
94 184
94 185
94 186
94 187
94 188
94 189
94 192
94 194
94 196
94 199
95 97
95 98
95 100
95 101
95 104
95 105
95 108
95 109
95 110
95 111
95 113
95 114
95 117
95 118
95 120
95 121
95 122
95 124
95 125
95 126
95 128
95 130
95 132
95 133
95 134
95 137
95 138
95 139
95 143
95 147
95 148
95 150
95 152
95 153
95 157
95 158
95 159
95 161
95 162
95 167
95 168
95 169
95 171
95 173
95 175
95 177
95 178
95 180
95 181
95 183
95 186
95 189
95 193
95 194
95 197
95 198
96 97
96 100
96 103
96 105
96 106
96 109
96 110
96 111
96 113
96 114
96 116
96 117
96 122
96 127
96 130
96 132
96 139
96 140
96 142
96 145
96 146
96 148
96 153
96 154
96 155
96 158
96 160
96 161
96 163
96 166
96 167
96 169
96 174
96 177
96 178
96 179
96 182
96 185
96 186
96 189
96 191
96 193
96 194
96 195
96 198
97 98
97 100
97 101
97 103
97 104
97 105
97 106
97 107
97 108
97 109
97 111
97 113
97 116
97 120
97 121
97 123
97 124
97 128
97 129
97 130
97 134
97 135
97 137
97 139
97 140
97 142
97 143
97 144
97 145
97 149
97 152
97 153
97 154
97 155
97 159
97 161
97 162
97 164
97 168
97 169
97 170
97 172
97 174
97 178
97 179
97 180
97 182
97 186
97 187
97 188
97 189
97 190
97 194
97 196
97 197
97 200
98 102
98 103
98 104
98 106
98 107
98 109
98 110
98 115
98 118
98 120
98 121
98 122
98 123
98 124
98 125
98 126
98 128
98 129
98 130
98 131
98 132
98 134
98 135
98 136
98 137
98 138
98 140
98 141
98 144
98 146
98 150
98 154
98 157
98 158
98 159
98 162
98 165
98 167
98 173
98 174
98 177
98 178
98 179
98 182
98 183
98 184
98 185
98 186
98 191
98 192
98 194
98 195
98 196
98 198
98 200
99 100
99 101
99 103
99 104
99 105
99 106
99 108
99 109
99 111
99 116
99 117
99 122
99 123
99 124
99 126
99 128
99 131
99 140
99 141
99 142
99 144
99 146
99 147
99 149
99 150
99 151
99 152
99 153
99 154
99 158
99 159
99 160
99 161
99 162
99 163
99 165
99 166
99 170
99 171
99 173
99 175
99 181
99 183
99 185
99 187
99 190
99 192
99 194
99 195
99 197
99 199
100 101
100 102
100 106
100 108
100 109
100 111
100 112
100 113
100 114
100 115
100 116
100 118
100 123
100 124
100 127
100 128
100 134
100 135
100 138
100 143
100 144
100 145
100 147
100 148
100 149
100 152
100 153
100 156
100 157
100 159
100 160
100 164
100 165
100 167
100 170
100 171
100 173
100 174
100 175
100 177
100 181
100 182
100 184
100 187
100 189
100 191
100 196
100 199
101 102
101 103
101 108
101 109
101 111
101 113
101 117
101 119
101 120
101 121
101 122
101 123
101 126
101 127
101 129
101 133
101 134
101 135
101 138
101 142
101 144
101 149
101 150
101 151
101 152
101 154
101 157
101 158
101 159
101 160
101 161
101 162
101 165
101 168
101 169
101 170
101 171
101 176
101 179
101 181
101 184
101 187
101 188
101 189
101 190
101 191
101 195
101 196
101 197
102 107
102 108
102 114
102 115
102 116
102 118
102 119
102 121
102 126
102 127
102 129
102 131
102 132
102 134
102 135
102 139
102 140
102 142
102 144
102 146
102 148
102 150
102 151
102 152
102 154
102 155
102 162
102 165
102 168
102 170
102 171
102 172
102 174
102 175
102 177
102 181
102 182
102 183
102 185
102 186
102 187
102 189
102 192
102 195
102 197
102 198
102 199
102 200
103 107
103 108
103 109
103 110
103 111
103 113
103 114
103 115
103 116
103 118
103 120
103 121
103 123
103 125
103 126
103 127
103 128
103 130
103 133
103 135
103 136
103 140
103 141
103 148
103 149
103 154
103 161
103 162
103 163
103 165
103 168
103 169
103 170
103 171
103 172
103 175
103 177
103 178
103 180
103 183
103 184
103 190
103 191
103 192
103 194
103 197
103 200
104 106
104 107
104 108
104 109
104 110
104 113
104 118
104 125
104 127
104 130
104 131
104 133
104 135
104 138
104 142
104 143
104 145
104 152
104 153
104 158
104 159
104 160
104 163
104 166
104 167
104 171
104 174
104 175
104 178
104 179
104 183
104 184
104 185
104 189
104 190
104 191
104 194
104 195
104 197
104 198
104 199
104 200
105 107
105 108
105 110
105 111
105 112
105 113
105 114
105 116
105 117
105 118
105 120
105 122
105 123
105 128
105 129
105 130
105 132
105 133
105 134
105 135
105 137
105 138
105 139
105 140
105 142
105 144
105 145
105 146
105 147
105 155
105 156
105 158
105 159
105 160
105 161
105 162
105 167
105 169
105 170
105 173
105 176
105 178
105 184
105 185
105 191
105 193
105 198
105 200
106 107
106 110
106 112
106 113
106 118
106 119
106 120
106 121
106 122
106 123
106 127
106 128
106 131
106 132
106 134
106 135
106 140
106 143
106 144
106 145
106 147
106 148
106 151
106 153
106 157
106 158
106 161
106 164
106 166
106 167
106 169
106 173
106 174
106 178
106 179
106 180
106 181
106 182
106 183
106 185
106 187
106 190
106 193
106 194
106 195
106 199
107 108
107 111
107 113
107 119
107 120
107 122
107 124
107 128
107 130
107 132
107 136
107 137
107 138
107 139
107 140
107 142
107 143
107 147
107 148
107 149
107 150
107 152
107 153
107 154
107 155
107 157
107 160
107 166
107 168
107 169
107 170
107 172
107 174
107 175
107 176
107 178
107 183
107 184
107 186
107 187
107 190
107 192
107 193
107 194
107 197
107 199
107 200
108 109
108 111
108 112
108 113
108 114
108 115
108 116
108 119
108 120
108 123
108 125
108 127
108 128
108 129
108 131
108 132
108 133
108 134
108 136
108 137
108 139
108 140
108 141
108 147
108 154
108 156
108 157
108 160
108 161
108 164
108 166
108 167
108 168
108 170
108 171
108 174
108 176
108 177
108 178
108 182
108 187
108 189
108 192
108 193
108 197
108 199
109 111
109 112
109 113
109 117
109 118
109 119
109 120
109 121
109 124
109 126
109 127
109 131
109 138
109 141
109 145
109 146
109 153
109 154
109 163
109 166
109 167
109 168
109 169
109 174
109 175
109 180
109 182
109 183
109 185
109 187
109 189
109 191
109 193
109 196
109 197
109 200
110 111
110 112
110 113
110 114
110 117
110 119
110 120
110 124
110 130
110 133
110 135
110 137
110 138
110 139
110 140
110 142
110 143
110 145
110 146
110 151
110 155
110 157
110 160
110 162
110 163
110 168
110 171
110 173
110 175
110 180
110 181
110 185
110 186
110 187
110 188
110 193
110 194
110 196
110 197
110 199
111 113
111 114
111 116
111 118
111 119
111 120
111 122
111 126
111 127
111 130
111 132
111 133
111 136
111 139
111 140
111 144
111 145
111 147
111 149
111 152
111 153
111 154
111 155
111 158
111 161
111 162
111 163
111 164
111 166
111 167
111 168
111 172
111 177
111 178
111 179
111 185
111 187
111 188
111 189
111 190
111 191
111 192
111 194
111 195
111 196
111 198
111 199
111 200
112 113
112 114
112 116
112 118
112 119
112 120
112 122
112 124
112 127
112 128
112 129
112 130
112 131
112 133
112 134
112 136
112 137
112 139
112 140
112 144
112 146
112 149
112 150
112 154
112 156
112 157
112 158
112 159
112 161
112 164
112 165
112 166
112 167
112 170
112 171
112 176
112 177
112 179
112 180
112 183
112 184
112 185
112 186
112 188
112 192
112 193
112 197
112 198
113 115
113 116
113 117
113 118
113 122
113 126
113 127
113 129
113 132
113 136
113 137
113 138
113 146
113 151
113 153
113 154
113 156
113 158
113 160
113 161
113 162
113 164
113 166
113 167
113 169
113 175
113 176
113 178
113 182
113 183
113 187
113 188
113 191
113 192
113 194
113 196
113 198
114 115
114 119
114 121
114 123
114 124
114 126
114 129
114 131
114 132
114 137
114 138
114 140
114 141
114 142
114 143
114 144
114 145
114 146
114 147
114 148
114 151
114 154
114 155
114 156
114 157
114 160
114 162
114 163
114 164
114 169
114 174
114 175
114 176
114 177
114 180
114 181
114 182
114 183
114 185
114 189
114 191
114 194
114 197
114 198
114 199
115 117
115 119
115 120
115 122
115 123
115 125
115 127
115 128
115 129
115 130
115 131
115 133
115 134
115 135
115 137
115 138
115 142
115 146
115 147
115 148
115 149
115 150
115 153
115 154
115 155
115 156
115 158
115 159
115 162
115 165
115 166
115 171
115 173
115 175
115 177
115 180
115 181
115 182
115 183
115 185
115 186
115 191
115 192
115 195
115 196
115 200
116 117
116 119
116 121
116 122
116 123
116 125
116 127
116 129
116 130
116 134
116 135
116 139
116 140
116 141
116 142
116 143
116 145
116 146
116 147
116 148
116 150
116 154
116 155
116 156
116 157
116 161
116 162
116 164
116 165
116 167
116 174
116 175
116 182
116 183
116 188
116 191
116 192
116 193
116 194
116 197
116 198
116 199
116 200
117 120
117 123
117 127
117 128
117 129
117 130
117 131
117 132
117 137
117 138
117 141
117 145
117 146
117 147
117 148
117 149
117 151
117 152
117 153
117 154
117 157
117 158
117 161
117 162
117 163
117 164
117 165
117 166
117 168
117 170
117 171
117 172
117 173
117 174
117 176
117 178
117 179
117 180
117 181
117 185
117 186
117 187
117 188
117 189
117 191
117 193
117 194
117 195
117 200
118 119
118 120
118 121
118 125
118 126
118 127
118 128
118 130
118 131
118 133
118 135
118 136
118 139
118 140
118 143
118 144
118 145
118 146
118 149
118 151
118 152
118 155
118 156
118 157
118 159
118 160
118 162
118 163
118 164
118 168
118 169
118 172
118 176
118 179
118 182
118 184
118 185
118 186
118 187
118 188
118 192
118 193
118 194
118 195
118 197
118 198
118 199
119 121
119 125
119 128
119 130
119 133
119 135
119 139
119 140
119 141
119 142
119 149
119 150
119 152
119 153
119 154
119 156
119 157
119 158
119 160
119 161
119 162
119 164
119 165
119 167
119 168
119 171
119 172
119 174
119 176
119 178
119 179
119 180
119 181
119 182
119 183
119 184
119 186
119 188
119 190
119 193
119 195
119 197
119 198
119 199
120 121
120 123
120 127
120 129
120 132
120 133
120 134
120 135
120 136
120 138
120 139
120 142
120 143
120 145
120 152
120 153
120 154
120 155
120 159
120 160
120 162
120 163
120 167
120 170
120 172
120 174
120 175
120 176
120 177
120 178
120 180
120 181
120 183
120 186
120 188
120 189
120 192
120 194
120 196
120 197
120 200
121 122
121 126
121 131
121 133
121 136
121 137
121 138
121 140
121 143
121 146
121 151
121 152
121 153
121 154
121 157
121 158
121 159
121 164
121 166
121 169
121 171
121 172
121 176
121 179
121 180
121 182
121 185
121 186
121 188
121 189
121 190
121 192
121 193
121 194
121 196
121 199
121 200
122 123
122 124
122 125
122 129
122 132
122 135
122 139
122 141
122 146
122 147
122 150
122 151
122 152
122 153
122 155
122 156
122 157
122 158
122 160
122 161
122 163
122 164
122 165
122 169
122 170
122 171
122 172
122 175
122 178
122 179
122 181
122 184
122 188
122 189
122 192
122 193
122 195
123 124
123 127
123 128
123 131
123 134
123 137
123 138
123 139
123 140
123 144
123 145
123 146
123 147
123 148
123 150
123 152
123 153
123 154
123 159
123 163
123 164
123 166
123 168
123 170
123 173
123 174
123 175
123 177
123 178
123 179
123 180
123 182
123 185
123 188
123 191
123 195
123 197
123 198
123 199
123 200
124 125
124 126
124 127
124 128
124 130
124 131
124 133
124 134
124 137
124 141
124 146
124 147
124 148
124 151
124 152
124 155
124 158
124 161
124 162
124 168
124 169
124 174
124 175
124 177
124 178
124 179
124 180
124 184
124 186
124 187
124 188
124 190
124 194
124 196
124 197
124 198
125 126
125 127
125 129
125 133
125 134
125 135
125 137
125 140
125 146
125 147
125 148
125 150
125 151
125 152
125 153
125 157
125 159
125 161
125 163
125 164
125 169
125 171
125 172
125 174
125 175
125 180
125 185
125 187
125 189
125 190
125 193
125 194
125 198
125 199
126 129
126 130
126 131
126 132
126 133
126 135
126 141
126 143
126 144
126 145
126 146
126 150
126 154
126 155
126 156
126 158
126 160
126 162
126 163
126 164
126 169
126 170
126 171
126 173
126 178
126 179
126 181
126 183
126 184
126 191
126 194
126 199
126 200
127 128
127 129
127 130
127 131
127 132
127 138
127 139
127 146
127 151
127 152
127 153
127 156
127 157
127 158
127 159
127 160
127 163
127 166
127 167
127 171
127 175
127 179
127 182
127 183
127 184
127 186
127 187
127 188
127 190
127 192
127 196
127 198
127 199
127 200
128 130
128 132
128 134
128 135
128 138
128 139
128 142
128 144
128 147
128 148
128 151
128 154
128 155
128 159
128 163
128 164
128 168
128 171
128 172
128 174
128 175
128 177
128 178
128 179
128 181
128 182
128 183
128 185
128 186
128 188
128 189
128 190
128 194
128 197
128 199
129 130
129 131
129 132
129 133
129 134
129 135
129 140
129 145
129 146
129 151
129 152
129 153
129 155
129 156
129 159
129 161
129 165
129 170
129 171
129 173
129 174
129 176
129 179
129 180
129 182
129 183
129 187
129 196
129 197
129 199
130 132
130 134
130 137
130 138
130 139
130 140
130 141
130 142
130 144
130 146
130 147
130 149
130 150
130 151
130 152
130 153
130 154
130 156
130 157
130 161
130 163
130 166
130 167
130 168
130 170
130 172
130 173
130 174
130 176
130 177
130 178
130 179
130 180
130 181
130 183
130 186
130 190
130 197
131 132
131 134
131 135
131 139
131 141
131 142
131 143
131 145
131 147
131 151
131 153
131 154
131 156
131 160
131 161
131 162
131 163
131 168
131 169
131 170
131 172
131 174
131 176
131 177
131 180
131 182
131 184
131 185
131 186
131 188
131 189
131 190
131 193
131 195
131 196
131 198
131 200
132 133
132 137
132 139
132 142
132 144
132 145
132 147
132 149
132 152
132 156
132 160
132 163
132 164
132 165
132 167
132 168
132 169
132 170
132 171
132 172
132 173
132 179
132 182
132 183
132 184
132 188
132 196
132 197
132 198
132 199
133 135
133 136
133 137
133 140
133 141
133 145
133 147
133 148
133 149
133 150
133 152
133 154
133 155
133 158
133 162
133 167
133 168
133 169
133 170
133 174
133 177
133 178
133 180
133 183
133 185
133 188
133 192
133 199
134 138
134 140
134 141
134 142
134 144
134 145
134 149
134 152
134 155
134 160
134 162
134 163
134 164
134 165
134 167
134 172
134 173
134 176
134 178
134 179
134 185
134 186
134 188
134 189
134 190
134 191
134 195
134 196
135 137
135 138
135 139
135 140
135 141
135 143
135 147
135 149
135 152
135 154
135 155
135 157
135 158
135 161
135 162
135 164
135 166
135 167
135 169
135 171
135 173
135 175
135 177
135 179
135 180
135 181
135 183
135 185
135 186
135 189
135 191
135 192
135 194
135 195
135 197
135 200
136 140
136 142
136 144
136 145
136 146
136 148
136 149
136 153
136 161
136 162
136 163
136 169
136 170
136 171
136 172
136 173
136 174
136 178
136 179
136 180
136 181
136 184
136 187
136 188
136 190
136 193
136 194
136 195
136 196
136 198
136 199
137 138
137 139
137 140
137 141
137 149
137 153
137 154
137 156
137 157
137 160
137 162
137 164
137 166
137 169
137 171
137 173
137 174
137 175
137 176
137 178
137 180
137 182
137 183
137 185
137 186
137 189
137 192
137 194
137 198
138 142
138 143
138 144
138 149
138 151
138 152
138 153
138 154
138 155
138 157
138 159
138 160
138 163
138 165
138 167
138 168
138 170
138 172
138 174
138 175
138 176
138 179
138 181
138 183
138 184
138 189
138 190
138 194
138 195
138 196
138 197
138 200
139 141
139 143
139 144
139 146
139 150
139 151
139 153
139 154
139 155
139 157
139 159
139 162
139 163
139 164
139 169
139 171
139 172
139 175
139 176
139 179
139 181
139 182
139 183
139 184
139 187
139 190
139 192
139 193
139 196
139 198
140 141
140 145
140 150
140 152
140 153
140 154
140 155
140 158
140 160
140 161
140 162
140 163
140 164
140 166
140 167
140 168
140 169
140 171
140 172
140 174
140 178
140 180
140 181
140 182
140 183
140 184
140 187
140 189
140 191
140 193
140 194
140 196
140 197
140 199
140 200
141 142
141 146
141 147
141 148
141 149
141 150
141 151
141 155
141 157
141 158
141 159
141 160
141 161
141 163
141 164
141 166
141 168
141 172
141 176
141 177
141 178
141 179
141 180
141 183
141 185
141 186
141 189
141 191
141 192
141 193
141 197
141 198
141 199
142 143
142 145
142 146
142 148
142 152
142 156
142 157
142 158
142 160
142 164
142 165
142 166
142 167
142 169
142 170
142 171
142 174
142 179
142 182
142 184
142 186
142 188
142 189
142 193
143 144
143 145
143 146
143 149
143 150
143 155
143 158
143 163
143 164
143 165
143 166
143 170
143 171
143 175
143 176
143 177
143 178
143 181
143 182
143 183
143 185
143 188
143 191
143 193
143 198
143 200
144 147
144 148
144 150
144 151
144 152
144 154
144 156
144 157
144 158
144 159
144 160
144 162
144 165
144 166
144 167
144 172
144 173
144 174
144 175
144 176
144 178
144 179
144 180
144 183
144 184
144 185
144 186
144 187
144 188
144 193
144 194
144 195
145 146
145 147
145 151
145 153
145 154
145 157
145 162
145 163
145 164
145 165
145 167
145 168
145 169
145 171
145 173
145 176
145 179
145 182
145 183
145 184
145 188
145 189
145 191
145 193
145 194
145 195
145 197
145 199
145 200
146 148
146 153
146 154
146 155
146 158
146 160
146 161
146 162
146 163
146 167
146 169
146 174
146 176
146 181
146 187
146 191
146 192
146 200
147 148
147 157
147 158
147 161
147 163
147 166
147 178
147 180
147 181
147 182
147 187
147 189
147 192
147 193
147 194
147 197
147 198
147 199
147 200
148 149
148 150
148 153
148 154
148 155
148 157
148 158
148 160
148 161
148 162
148 163
148 165
148 166
148 173
148 176
148 178
148 179
148 181
148 183
148 185
148 187
148 188
148 191
148 194
148 195
148 199
149 151
149 156
149 158
149 159
149 160
149 164
149 166
149 168
149 170
149 171
149 174
149 178
149 179
149 183
149 184
149 185
149 186
149 187
149 190
149 191
149 193
149 195
149 198
149 200
150 151
150 153
150 154
150 156
150 159
150 160
150 161
150 163
150 165
150 166
150 167
150 170
150 171
150 172
150 176
150 177
150 178
150 180
150 182
150 184
150 185
150 188
150 190
150 191
150 193
150 198
150 200
151 152
151 154
151 155
151 156
151 157
151 159
151 162
151 164
151 167
151 168
151 169
151 170
151 171
151 173
151 175
151 178
151 182
151 185
151 187
151 190
151 193
151 194
151 195
151 196
151 197
151 199
151 200
152 154
152 156
152 157
152 158
152 159
152 161
152 168
152 170
152 171
152 173
152 174
152 177
152 180
152 181
152 184
152 186
152 187
152 188
152 189
152 194
152 197
152 198
152 200
153 157
153 158
153 159
153 160
153 161
153 163
153 164
153 165
153 167
153 169
153 170
153 172
153 173
153 174
153 176
153 177
153 181
153 182
153 183
153 184
153 186
153 187
153 188
153 190
153 192
153 196
153 198
153 200
154 155
154 158
154 159
154 160
154 164
154 166
154 167
154 169
154 170
154 173
154 175
154 178
154 179
154 180
154 181
154 187
154 189
154 190
154 194
154 195
154 196
154 198
154 200
155 156
155 157
155 161
155 166
155 169
155 170
155 173
155 175
155 177
155 178
155 179
155 186
155 187
155 188
155 190
155 192
155 193
155 196
155 198
155 199
156 157
156 158
156 159
156 160
156 161
156 162
156 167
156 169
156 170
156 173
156 174
156 177
156 180
156 181
156 182
156 187
156 189
156 191
156 192
156 193
156 194
156 196
157 160
157 161
157 162
157 164
157 165
157 167
157 173
157 176
157 177
157 180
157 184
157 186
157 187
157 188
157 190
157 191
157 192
157 193
157 195
157 197
157 198
158 159
158 161
158 162
158 167
158 168
158 169
158 170
158 171
158 172
158 173
158 174
158 176
158 179
158 181
158 182
158 185
158 186
158 188
158 191
158 195
158 197
158 198
158 200
159 160
159 161
159 162
159 164
159 166
159 169
159 170
159 171
159 175
159 178
159 181
159 183
159 184
159 187
159 189
159 190
159 191
159 192
159 194
159 195
159 197
159 199
160 164
160 167
160 168
160 176
160 177
160 178
160 180
160 182
160 185
160 186
160 190
160 191
160 192
160 193
160 194
160 197
160 200
161 163
161 165
161 166
161 169
161 171
161 176
161 177
161 179
161 180
161 184
161 189
161 191
161 196
161 199
162 163
162 165
162 168
162 171
162 173
162 174
162 176
162 178
162 183
162 184
162 185
162 186
162 188
162 190
162 191
162 193
162 194
162 195
162 197
162 200
163 164
163 168
163 169
163 170
163 171
163 173
163 174
163 177
163 178
163 180
163 183
163 184
163 185
163 186
163 187
163 190
163 196
163 197
163 198
163 199
163 200
164 166
164 167
164 168
164 171
164 172
164 175
164 176
164 177
164 178
164 185
164 186
164 189
164 190
164 192
164 193
164 194
164 199
165 169
165 170
165 171
165 173
165 174
165 175
165 178
165 179
165 180
165 182
165 183
165 187
165 190
165 191
165 192
165 193
165 195
165 196
165 197
165 198
165 199
165 200
166 167
166 169
166 170
166 171
166 174
166 176
166 177
166 180
166 181
166 182
166 183
166 184
166 185
166 188
166 189
166 190
166 192
166 195
166 198
167 169
167 173
167 175
167 176
167 177
167 180
167 184
167 186
167 187
167 188
167 189
167 190
167 191
167 195
167 196
167 198
167 200
168 170
168 173
168 178
168 179
168 181
168 183
168 185
168 186
168 188
168 190
168 191
168 193
168 198
169 170
169 173
169 174
169 175
169 176
169 178
169 179
169 183
169 187
169 195
169 196
169 197
169 198
170 171
170 173
170 176
170 179
170 183
170 185
170 187
170 192
170 193
170 194
170 196
170 198
170 199
170 200
171 172
171 174
171 175
171 177
171 181
171 182
171 186
171 187
171 188
171 189
171 194
171 197
171 198
171 200
172 174
172 175
172 177
172 178
172 180
172 183
172 184
172 185
172 187
172 188
172 192
172 194
172 195
172 198
173 174
173 176
173 182
173 183
173 185
173 186
173 188
173 189
173 192
173 200
174 177
174 181
174 184
174 185
174 186
174 187
174 188
174 190
174 191
174 192
174 193
174 198
174 200
175 177
175 181
175 182
175 184
175 186
175 187
175 188
175 190
175 191
175 192
175 193
175 195
175 196
175 197
175 198
175 200
176 178
176 179
176 180
176 183
176 184
176 185
176 186
176 188
176 189
176 190
176 193
176 195
176 197
176 199
176 200
177 178
177 179
177 182
177 183
177 184
177 186
177 188
177 190
177 191
177 192
177 194
177 195
177 196
177 198
177 199
177 200
178 180
178 182
178 185
178 192
178 195
178 199
179 185
179 186
179 187
179 188
179 189
179 190
179 192
179 193
179 195
179 197
179 198
179 200
180 183
180 189
180 190
180 192
180 193
180 196
180 200
181 182
181 183
181 184
181 186
181 192
181 193
181 196
182 184
182 185
182 186
182 187
182 189
182 190
182 194
182 195
182 196
182 200
183 188
183 189
183 191
183 192
183 195
183 197
183 198
184 186
184 189
184 190
184 194
184 196
184 199
184 200
185 188
185 190
185 192
185 193
185 195
185 199
186 187
186 188
186 192
186 193
186 194
186 198
186 199
186 200
187 188
187 190
187 191
187 192
187 193
187 194
187 195
187 196
187 197
187 199
188 189
188 192
188 193
188 194
188 198
188 200
189 192
189 193
189 194
189 195
189 196
189 197
190 192
190 198
191 193
191 197
191 200
192 193
192 196
192 199
192 200
193 196
193 197
193 198
193 199
193 200
194 195
194 197
194 198
195 198
195 199
195 200
196 197
196 199
196 200
197 198
197 200
198 199