140
1 2
1 5
1 8
1 10
1 18
1 19
1 20
1 21
1 22
1 23
1 24
1 27
1 30
1 31
1 35
1 36
1 38
1 39
1 41
1 43
1 46
1 47
1 53
1 54
1 55
1 57
1 59
1 60
1 63
1 66
1 70
1 71
1 73
1 75
1 76
1 77
1 78
1 79
1 80
1 81
1 82
1 83
1 84
1 86
1 87
1 88
1 89
1 91
1 94
1 96
1 97
1 98
1 99
1 101
1 102
1 105
1 106
1 107
1 108
1 109
1 113
1 114
1 118
1 120
1 121
1 123
1 126
1 127
1 129
1 130
1 131
1 135
1 140
2 3
2 4
2 9
2 10
2 11
2 12
2 15
2 17
2 19
2 21
2 23
2 24
2 25
2 26
2 30
2 31
2 32
2 37
2 39
2 40
2 41
2 43
2 45
2 46
2 47
2 49
2 50
2 51
2 52
2 54
2 55
2 56
2 59
2 60
2 65
2 66
2 69
2 71
2 79
2 82
2 84
2 87
2 88
2 91
2 93
2 96
2 97
2 98
2 100
2 101
2 102
2 104
2 106
2 108
2 109
2 111
2 112
2 116
2 117
2 118
2 121
2 122
2 125
2 127
2 128
2 131
2 132
2 133
2 137
2 138
2 139
3 4
3 5
3 8
3 10
3 15
3 16
3 21
3 22
3 23
3 25
3 26
3 27
3 29
3 34
3 36
3 39
3 40
3 45
3 47
3 49
3 51
3 52
3 55
3 56
3 58
3 60
3 62
3 64
3 69
3 72
3 73
3 74
3 75
3 78
3 82
3 83
3 87
3 88
3 89
3 92
3 93
3 96
3 98
3 100
3 103
3 104
3 107
3 108
3 109
3 113
3 114
3 115
3 116
3 119
3 120
3 121
3 123
3 124
3 125
3 129
3 131
3 132
3 137
3 138
3 139
3 140
4 5
4 11
4 12
4 13
4 16
4 21
4 22
4 23
4 25
4 27
4 28
4 30
4 31
4 32
4 33
4 34
4 35
4 36
4 37
4 39
4 40
4 41
4 42
4 43
4 45
4 47
4 48
4 49
4 52
4 53
4 54
4 55
4 57
4 60
4 61
4 62
4 65
4 66
4 71
4 73
4 75
4 79
4 82
4 84
4 85
4 88
4 90
4 91
4 93
4 94
4 95
4 100
4 101
4 104
4 107
4 109
4 111
4 113
4 114
4 116
4 117
4 120
4 121
4 122
4 123
4 126
4 127
4 128
4 129
4 131
4 132
4 133
4 136
4 138
5 6
5 7
5 9
5 10
5 14
5 15
5 18
5 19
5 20
5 23
5 24
5 25
5 26
5 28
5 29
5 37
5 38
5 40
5 42
5 45
5 46
5 50
5 51
5 52
5 53
5 55
5 56
5 58
5 60
5 62
5 63
5 66
5 69
5 70
5 73
5 74
5 75
5 76
5 80
5 81
5 87
5 88
5 94
5 95
5 96
5 102
5 104
5 105
5 106
5 108
5 109
5 110
5 111
5 113
5 114
5 115
5 116
5 117
5 119
5 120
5 121
5 125
5 127
5 128
5 130
5 131
5 135
5 137
5 139
6 7
6 10
6 11
6 12
6 13
6 14
6 15
6 16
6 17
6 22
6 25
6 31
6 32
6 36
6 37
6 38
6 39
6 40
6 42
6 44
6 45
6 48
6 50
6 51
6 52
6 53
6 55
6 56
6 58
6 61
6 64
6 67
6 68
6 69
6 70
6 71
6 72
6 74
6 75
6 85
6 88
6 89
6 92
6 96
6 97
6 98
6 101
6 104
6 105
6 106
6 109
6 111
6 112
6 114
6 116
6 119
6 122
6 124
6 125
6 132
6 137
6 139
6 140
7 9
7 12
7 13
7 15
7 18
7 19
7 22
7 25
7 26
7 27
7 31
7 32
7 34
7 36
7 39
7 42
7 47
7 48
7 50
7 51
7 52
7 55
7 58
7 59
7 60
7 64
7 65
7 66
7 67
7 69
7 74
7 76
7 77
7 78
7 79
7 80
7 81
7 83
7 84
7 87
7 88
7 89
7 90
7 91
7 92
7 94
7 96
7 99
7 104
7 107
7 108
7 110
7 113
7 114
7 116
7 117
7 120
7 122
7 125
7 126
7 127
7 130
7 131
7 132
7 136
8 9
8 12
8 14
8 15
8 18
8 22
8 23
8 25
8 26
8 29
8 31
8 32
8 36
8 37
8 41
8 42
8 43
8 45
8 46
8 50
8 53
8 54
8 55
8 58
8 59
8 60
8 62
8 63
8 66
8 67
8 68
8 72
8 73
8 74
8 75
8 77
8 79
8 83
8 85
8 86
8 87
8 88
8 90
8 92
8 94
8 95
8 97
8 99
8 102
8 104
8 106
8 108
8 109
8 111
8 117
8 120
8 121
8 122
8 124
8 130
8 132
8 133
8 134
8 136
8 137
9 13
9 16
9 19
9 20
9 21
9 23
9 25
9 30
9 31
9 33
9 34
9 36
9 37
9 38
9 40
9 41
9 48
9 49
9 50
9 52
9 55
9 57
9 60
9 61
9 70
9 72
9 74
9 75
9 77
9 78
9 80
9 81
9 84
9 85
9 86
9 88
9 89
9 94
9 96
9 97
9 99
9 100
9 101
9 104
9 108
9 112
9 115
9 117
9 118
9 120
9 122
9 123
9 124
9 125
9 126
9 132
9 133
9 135
9 137
9 138
10 11
10 12
10 14
10 15
10 16
10 17
10 18
10 19
10 20
10 21
10 23
10 24
10 26
10 27
10 28
10 34
10 35
10 40
10 41
10 43
10 47
10 48
10 50
10 53
10 54
10 55
10 56
10 59
10 61
10 62
10 63
10 64
10 67
10 72
10 73
10 74
10 77
10 78
10 81
10 82
10 83
10 84
10 87
10 89
10 91
10 94
10 96
10 97
10 98
10 99
10 100
10 101
10 104
10 105
10 109
10 111
10 112
10 115
10 118
10 119
10 121
10 124
10 126
10 127
10 129
10 130
10 131
10 133
10 139
10 140
11 14
11 15
11 16
11 18
11 19
11 23
11 28
11 29
11 31
11 33
11 34
11 35
11 37
11 41
11 42
11 46
11 50
11 53
11 55
11 56
11 58
11 62
11 65
11 69
11 72
11 75
11 81
11 84
11 86
11 88
11 89
11 92
11 94
11 95
11 96
11 97
11 102
11 103
11 106
11 112
11 113
11 115
11 117
11 122
11 123
11 124
11 125
11 126
11 129
11 132
11 133
11 135
11 137
12 13
12 14
12 16
12 17
12 20
12 21
12 24
12 26
12 28
12 29
12 32
12 34
12 35
12 36
12 38
12 39
12 41
12 43
12 44
12 45
12 46
12 48
12 50
12 52
12 54
12 56
12 58
12 61
12 63
12 67
12 69
12 70
12 74
12 80
12 82
12 83
12 86
12 87
12 88
12 89
12 93
12 95
12 102
12 106
12 108
12 113
12 115
12 117
12 119
12 123
12 125
12 126
12 127
12 129
12 134
12 135
12 137
12 139
13 15
13 20
13 21
13 22
13 23
13 25
13 27
13 28
13 29
13 32
13 33
13 34
13 36
13 37
13 40
13 41
13 43
13 44
13 46
13 47
13 49
13 51
13 52
13 55
13 56
13 57
13 59
13 60
13 63
13 68
13 69
13 76
13 79
13 80
13 81
13 82
13 83
13 84
13 85
13 88
13 90
13 91
13 95
13 96
13 98
13 100
13 101
13 102
13 103
13 105
13 110
13 112
13 114
13 118
13 119
13 120
13 121
13 122
13 125
13 127
13 128
13 130
13 131
13 132
13 133
13 135
13 136
13 139
13 140
14 15
14 20
14 21
14 23
14 24
14 25
14 27
14 28
14 30
14 36
14 37
14 38
14 39
14 41
14 44
14 45
14 46
14 47
14 48
14 49
14 51
14 52
14 53
14 54
14 56
14 57
14 59
14 60
14 63
14 66
14 67
14 71
14 73
14 74
14 75
14 76
14 77
14 78
14 79
14 81
14 82
14 84
14 85
14 86
14 88
14 90
14 91
14 95
14 97
14 99
14 100
14 101
14 103
14 105
14 106
14 110
14 114
14 117
14 118
14 120
14 121
14 122
14 123
14 127
14 129
14 131
14 136
14 137
14 139
15 16
15 19
15 21
15 24
15 26
15 27
15 33
15 35
15 36
15 37
15 38
15 39
15 42
15 43
15 45
15 46
15 48
15 49
15 51
15 52
15 54
15 55
15 59
15 60
15 62
15 63
15 66
15 68
15 69
15 70
15 73
15 74
15 76
15 77
15 81
15 84
15 85
15 87
15 90
15 93
15 104
15 105
15 106
15 110
15 111
15 116
15 122
15 124
15 127
15 129
15 130
15 133
15 136
15 137
15 138
15 140
16 17
16 20
16 25
16 27
16 28
16 31
16 35
16 36
16 37
16 40
16 41
16 42
16 45
16 48
16 49
16 50
16 52
16 57
16 58
16 59
16 60
16 61
16 64
16 65
16 66
16 69
16 70
16 74
16 76
16 77
16 82
16 83
16 93
16 95
16 96
16 97
16 98
16 99
16 100
16 101
16 102
16 107
16 110
16 111
16 113
16 114
16 115
16 116
16 118
16 119
16 120
16 121
16 122
16 123
16 126
16 129
16 131
16 132
16 136
16 140
17 18
17 21
17 23
17 24
17 25
17 26
17 28
17 29
17 33
17 34
17 35
17 39
17 40
17 41
17 42
17 45
17 49
17 50
17 51
17 54
17 55
17 56
17 57
17 58
17 59
17 62
17 63
17 64
17 65
17 66
17 69
17 72
17 73
17 74
17 75
17 76
17 81
17 82
17 83
17 86
17 88
17 90
17 93
17 94
17 95
17 97
17 101
17 102
17 105
17 108
17 110
17 112
17 115
17 117
17 119
17 122
17 124
17 125
17 126
17 132
17 134
17 139
18 20
18 22
18 31
18 32
18 33
18 34
18 35
18 36
18 37
18 40
18 42
18 43
18 44
18 45
18 48
18 51
18 52
18 54
18 55
18 58
18 59
18 60
18 61
18 63
18 64
18 65
18 66
18 69
18 70
18 72
18 74
18 75
18 77
18 79
18 80
18 83
18 84
18 85
18 86
18 87
18 88
18 89
18 90
18 91
18 92
18 95
18 97
18 98
18 99
18 100
18 105
18 106
18 107
18 111
18 113
18 115
18 116
18 117
18 118
18 120
18 121
18 123
18 124
18 125
18 130
18 131
18 132
18 135
18 137
18 139
18 140
19 22
19 23
19 24
19 25
19 26
19 28
19 31
19 32
19 34
19 35
19 36
19 38
19 39
19 40
19 42
19 43
19 51
19 53
19 54
19 58
19 61
19 62
19 66
19 68
19 72
19 76
19 78
19 79
19 82
19 84
19 85
19 88
19 90
19 91
19 92
19 96
19 97
19 101
19 102
19 104
19 105
19 108
19 109
19 110
19 112
19 114
19 115
19 116
19 117
19 118
19 120
19 121
19 122
19 124
19 125
19 130
19 131
19 132
19 133
19 134
19 135
19 137
19 138
20 22
20 23
20 24
20 25
20 26
20 27
20 30
20 31
20 32
20 33
20 34
20 35
20 36
20 37
20 38
20 39
20 43
20 44
20 45
20 49
20 51
20 53
20 54
20 55
20 59
20 63
20 64
20 66
20 69
20 73
20 74
20 81
20 82
20 83
20 85
20 87
20 91
20 93
20 97
20 99
20 100
20 105
20 106
20 109
20 110
20 111
20 116
20 117
20 118
20 119
20 120
20 121
20 122
20 124
20 126
20 127
20 130
20 131
20 139
21 23
21 25
21 29
21 30
21 31
21 33
21 38
21 40
21 41
21 42
21 43
21 45
21 46
21 47
21 48
21 52
21 53
21 54
21 55
21 60
21 61
21 62
21 63
21 64
21 65
21 66
21 67
21 68
21 69
21 71
21 72
21 75
21 77
21 78
21 79
21 83
21 84
21 86
21 88
21 89
21 90
21 94
21 96
21 97
21 98
21 102
21 104
21 108
21 109
21 112
21 118
21 119
21 120
21 121
21 122
21 123
21 124
21 125
21 129
21 132
21 134
21 135
21 136
21 138
22 24
22 30
22 31
22 36
22 39
22 40
22 41
22 42
22 43
22 45
22 47
22 48
22 49
22 51
22 53
22 61
22 62
22 63
22 65
22 66
22 67
22 68
22 70
22 72
22 76
22 78
22 80
22 82
22 85
22 86
22 89
22 93
22 94
22 95
22 97
22 102
22 103
22 104
22 106
22 109
22 111
22 114
22 115
22 117
22 122
22 124
22 134
22 139
22 140
23 25
23 26
23 31
23 33
23 34
23 36
23 39
23 40
23 41
23 45
23 47
23 50
23 51
23 57
23 58
23 59
23 60
23 61
23 62
23 63
23 65
23 70
23 71
23 72
23 74
23 76
23 78
23 80
23 81
23 86
23 87
23 88
23 89
23 90
23 91
23 92
23 94
23 96
23 100
23 101
23 104
23 107
23 109
23 111
23 113
23 116
23 117
23 118
23 120
23 121
23 123
23 124
23 128
23 130
23 135
23 137
23 138
23 139
24 29
24 30
24 32
24 34
24 36
24 38
24 39
24 47
24 48
24 49
24 55
24 57
24 58
24 61
24 62
24 63
24 64
24 65
24 66
24 69
24 70
24 71
24 74
24 75
24 76
24 78
24 79
24 80
24 82
24 83
24 84
24 85
24 86
24 88
24 89
24 92
24 93
24 94
24 99
24 100
24 101
24 105
24 106
24 107
24 108
24 110
24 113
24 114
24 115
24 118
24 119
24 122
24 123
24 125
24 126
24 130
24 131
24 133
24 134
24 135
24 137
24 140
25 27
25 30
25 32
25 34
25 35
25 37
25 38
25 39
25 47
25 51
25 52
25 55
25 58
25 60
25 64
25 65
25 66
25 68
25 69
25 70
25 71
25 72
25 73
25 74
25 76
25 77
25 78
25 80
25 81
25 82
25 83
25 85
25 91
25 93
25 95
25 98
25 101
25 102
25 105
25 110
25 111
25 112
25 116
25 118
25 121
25 122
25 124
25 127
25 129
25 131
25 132
25 136
25 138
26 28
26 31
26 34
26 35
26 36
26 44
26 45
26 46
26 47
26 52
26 53
26 56
26 58
26 59
26 63
26 66
26 71
26 72
26 73
26 74
26 77
26 78
26 79
26 81
26 83
26 84
26 90
26 92
26 93
26 96
26 98
26 99
26 102
26 103
26 104
26 109
26 110
26 111
26 114
26 116
26 117
26 118
26 119
26 120
26 121
26 124
26 127
26 128
26 129
26 133
26 136
26 137
26 138
26 139
26 140
27 32
27 35
27 36
27 38
27 40
27 42
27 43
27 44
27 45
27 47
27 48
27 51
27 52
27 53
27 57
27 60
27 61
27 62
27 63
27 67
27 70
27 71
27 72
27 74
27 76
27 77
27 84
27 85
27 86
27 88
27 89
27 90
27 91
27 93
27 97
27 98
27 99
27 100
27 101
27 104
27 105
27 110
27 111
27 112
27 115
27 116
27 117
27 118
27 120
27 121
27 122
27 123
27 127
27 129
27 132
27 134
27 135
27 136
27 138
27 139
28 29
28 30
28 32
28 33
28 34
28 35
28 36
28 38
28 39
28 42
28 45
28 48
28 49
28 50
28 51
28 52
28 53
28 54
28 61
28 63
28 65
28 70
28 72
28 73
28 76
28 78
28 79
28 81
28 82
28 85
28 88
28 90
28 93
28 97
28 100
28 102
28 105
28 108
28 109
28 110
28 112
28 113
28 115
28 117
28 119
28 120
28 121
28 127
28 129
28 136
29 31
29 34
29 38
29 41
29 47
29 48
29 49
29 51
29 52
29 53
29 54
29 57
29 59
29 61
29 64
29 65
29 67
29 68
29 70
29 71
29 73
29 74
29 75
29 77
29 78
29 79
29 80
29 81
29 82
29 86
29 87
29 89
29 91
29 92
29 93
29 94
29 95
29 97
29 98
29 101
29 106
29 107
29 109
29 111
29 117
29 118
29 119
29 120
29 121
29 122
29 129
29 131
29 133
29 136
29 137
29 140
30 31
30 33
30 35
30 36
30 38
30 39
30 41
30 43
30 44
30 45
30 49
30 51
30 53
30 56
30 58
30 61
30 62
30 64
30 65
30 70
30 71
30 72
30 73
30 74
30 75
30 76
30 78
30 81
30 82
30 83
30 84
30 85
30 88
30 89
30 90
30 91
30 92
30 93
30 94
30 95
30 97
30 103
30 105
30 109
30 110
30 117
30 118
30 119
30 124
30 125
30 126
30 127
30 128
30 130
30 132
30 134
30 135
30 137
30 139
31 32
31 35
31 36
31 37
31 38
31 40
31 41
31 44
31 45
31 46
31 48
31 49
31 54
31 55
31 56
31 57
31 58
31 59
31 65
31 66
31 69
31 70
31 71
31 73
31 77
31 78
31 79
31 80
31 84
31 86
31 88
31 96
31 97
31 98
31 100
31 101
31 102
31 103
31 104
31 105
31 108
31 109
31 110
31 114
31 116
31 118
31 120
31 122
31 124
31 125
31 127
31 128
31 129
31 130
31 132
31 134
31 140
32 35
32 36
32 37
32 39
32 40
32 41
32 44
32 48
32 49
32 50
32 53
32 54
32 55
32 56
32 57
32 58
32 60
32 61
32 62
32 63
32 64
32 65
32 67
32 68
32 69
32 72
32 73
32 74
32 75
32 80
32 84
32 86
32 87
32 89
32 91
32 92
32 93
32 94
32 95
32 97
32 104
32 106
32 112
32 114
32 115
32 116
32 125
32 127
32 130
32 131
32 133
32 137
32 138
33 36
33 37
33 38
33 39
33 41
33 42
33 45
33 46
33 54
33 55
33 56
33 65
33 67
33 68
33 70
33 71
33 72
33 73
33 79
33 81
33 82
33 83
33 88
33 89
33 90
33 91
33 92
33 96
33 100
33 101
33 102
33 103
33 106
33 108
33 109
33 110
33 111
33 112
33 113
33 116
33 117
33 121
33 126
33 127
33 129
33 130
33 131
33 134
33 138
34 35
34 42
34 44
34 46
34 48
34 49
34 53
34 55
34 57
34 60
34 61
34 66
34 67
34 69
34 70
34 71
34 72
34 74
34 76
34 77
34 78
34 80
34 82
34 83
34 85
34 87
34 90
34 92
34 93
34 94
34 97
34 98
34 99
34 100
34 102
34 105
34 108
34 110
34 114
34 117
34 118
34 120
34 121
34 122
34 124
34 128
34 129
34 130
34 131
34 132
34 133
34 135
34 138
34 139
35 37
35 38
35 44
35 47
35 48
35 58
35 59
35 60
35 61
35 62
35 64
35 67
35 71
35 73
35 75
35 78
35 81
35 82
35 84
35 86
35 88
35 90
35 92
35 93
35 94
35 95
35 96
35 97
35 98
35 99
35 100
35 101
35 102
35 109
35 111
35 112
35 114
35 119
35 120
35 121
35 122
35 123
35 124
35 125
35 126
35 131
35 132
35 134
35 135
35 140
36 39
36 41
36 42
36 45
36 46
36 49
36 50
36 55
36 57
36 58
36 59
36 60
36 61
36 62
36 63
36 64
36 66
36 68
36 69
36 70
36 73
36 77
36 78
36 81
36 82
36 84
36 88
36 89
36 91
36 92
36 94
36 95
36 96
36 97
36 99
36 101
36 104
36 105
36 109
36 110
36 112
36 113
36 114
36 117
36 118
36 120
36 121
36 123
36 124
36 125
36 126
36 127
36 128
36 129
36 130
36 135
36 136
36 137
36 139
36 140
37 38
37 41
37 44
37 47
37 48
37 49
37 50
37 52
37 55
37 57
37 59
37 60
37 61
37 62
37 63
37 66
37 68
37 69
37 70
37 71
37 72
37 74
37 75
37 77
37 80
37 82
37 85
37 88
37 93
37 95
37 96
37 97
37 98
37 101
37 102
37 103
37 105
37 109
37 112
37 113
37 119
37 120
37 122
37 123
37 124
37 125
37 127
37 128
37 129
37 130
37 131
37 132
37 133
37 135
37 137
37 138
37 139
38 40
38 42
38 43
38 44
38 46
38 48
38 50
38 53
38 55
38 60
38 64
38 67
38 69
38 71
38 73
38 76
38 78
38 79
38 83
38 84
38 85
38 88
38 89
38 90
38 92
38 93
38 96
38 98
38 99
38 102
38 105
38 106
38 107
38 108
38 110
38 111
38 113
38 115
38 119
38 122
38 123
38 124
38 127
38 128
38 129
38 131
38 133
38 134
38 136
38 139
39 40
39 43
39 44
39 45
39 46
39 47
39 49
39 50
39 52
39 54
39 55
39 56
39 57
39 58
39 59
39 60
39 62
39 63
39 65
39 66
39 68
39 69
39 70
39 71
39 72
39 73
39 74
39 76
39 77
39 78
39 79
39 81
39 85
39 88
39 89
39 90
39 92
39 93
39 94
39 100
39 107
39 108
39 109
39 112
39 114
39 116
39 118
39 121
39 122
39 123
39 125
39 126
39 127
39 128
39 129
39 134
39 137
39 138
39 139
39 140
40 45
40 47
40 51
40 55
40 56
40 57
40 58
40 59
40 61
40 64
40 65
40 74
40 78
40 79
40 81
40 82
40 90
40 93
40 94
40 95
40 96
40 98
40 100
40 101
40 102
40 104
40 105
40 107
40 110
40 111
40 113
40 114
40 115
40 117
40 119
40 120
40 122
40 124
40 125
40 129
40 130
40 131
40 133
40 137
40 138
40 139
41 42
41 43
41 45
41 46
41 47
41 48
41 49
41 51
41 52
41 56
41 58
41 60
41 61
41 62
41 63
41 64
41 66
41 67
41 68
41 71
41 74
41 76
41 78
41 80
41 83
41 84
41 85
41 86
41 92
41 94
41 95
41 97
41 102
41 104
41 105
41 109
41 113
41 117
41 121
41 125
41 127
41 132
41 134
41 139
42 48
42 49
42 50
42 51
42 52
42 55
42 58
42 59
42 60
42 62
42 63
42 64
42 65
42 67
42 69
42 70
42 71
42 72
42 73
42 74
42 75
42 76
42 82
42 84
42 85
42 87
42 88
42 89
42 90
42 91
42 92
42 93
42 96
42 98
42 102
42 103
42 104
42 108
42 110
42 111
42 113
42 118
42 119
42 120
42 122
42 125
42 127
42 128
42 130
42 131
42 134
42 138
42 139
43 45
43 46
43 48
43 51
43 54
43 58
43 59
43 61
43 62
43 64
43 65
43 68
43 71
43 73
43 74
43 76
43 77
43 78
43 79
43 80
43 83
43 84
43 86
43 87
43 88
43 89
43 90
43 92
43 93
43 95
43 96
43 97
43 98
43 99
43 104
43 105
43 108
43 109
43 110
43 116
43 118
43 119
43 121
43 122
43 125
43 127
43 128
43 131
43 134
43 138
43 139
43 140
44 47
44 48
44 50
44 51
44 55
44 56
44 58
44 61
44 62
44 65
44 67
44 69
44 70
44 71
44 72
44 73
44 74
44 76
44 78
44 81
44 82
44 85
44 87
44 90
44 93
44 97
44 98
44 99
44 100
44 101
44 111
44 112
44 113
44 114
44 115
44 116
44 118
44 119
44 122
44 123
44 125
44 128
44 129
44 131
44 135
44 136
44 137
44 138
44 139
44 140
45 48
45 49
45 50
45 53
45 54
45 55
45 56
45 59
45 60
45 61
45 62
45 65
45 67
45 69
45 70
45 74
45 75
45 76
45 78
45 81
45 82
45 83
45 89
45 91
45 92
45 95
45 97
45 98
45 100
45 101
45 102
45 103
45 104
45 105
45 107
45 108
45 110
45 111
45 113
45 116
45 123
45 124
45 126
45 127
45 129
45 132
45 135
45 136
45 137
45 138
46 47
46 51
46 52
46 54
46 57
46 58
46 59
46 60
46 62
46 63
46 64
46 66
46 67
46 69
46 72
46 75
46 77
46 78
46 81
46 82
46 87
46 88
46 89
46 91
46 92
46 93
46 95
46 96
46 97
46 99
46 102
46 106
46 109
46 110
46 112
46 113
46 115
46 117
46 119
46 123
46 125
46 126
46 127
46 128
46 129
46 132
46 136
46 137
46 139
47 53
47 55
47 58
47 60
47 61
47 62
47 63
47 64
47 67
47 68
47 72
47 74
47 75
47 81
47 83
47 84
47 85
47 86
47 87
47 88
47 89
47 91
47 93
47 94
47 95
47 97
47 98
47 101
47 103
47 104
47 107
47 108
47 109
47 111
47 112
47 114
47 115
47 118
47 119
47 121
47 123
47 124
47 127
47 128
47 130
47 132
47 135
47 136
47 137
47 138
47 139
47 140
48 53
48 54
48 55
48 57
48 59
48 61
48 62
48 63
48 67
48 69
48 71
48 76
48 77
48 79
48 82
48 84
48 86
48 88
48 89
48 90
48 91
48 93
48 94
48 95
48 96
48 97
48 101
48 103
48 105
48 106
48 107
48 111
48 112
48 115
48 117
48 118
48 121
48 122
48 128
48 131
48 136
49 51
49 53
49 54
49 55
49 56
49 57
49 60
49 61
49 63
49 64
49 67
49 69
49 72
49 73
49 75
49 77
49 79
49 80
49 81
49 82
49 84
49 85
49 86
49 89
49 92
49 94
49 95
49 96
49 97
49 98
49 99
49 100
49 101
49 104
49 105
49 106
49 109
49 115
49 116
49 118
49 119
49 120
49 124
49 126
49 128
49 130
49 131
49 137
49 138
49 139
50 53
50 55
50 58
50 59
50 61
50 62
50 63
50 64
50 65
50 66
50 69
50 70
50 71
50 72
50 73
50 74
50 75
50 77
50 82
50 86
50 87
50 88
50 89
50 90
50 91
50 92
50 95
50 101
50 103
50 105
50 106
50 107
50 108
50 110
50 112
50 113
50 114
50 115
50 117
50 120
50 122
50 124
50 125
50 126
50 128
50 129
50 132
50 134
50 136
50 137
50 138
50 139
50 140
51 53
51 54
51 56
51 57
51 60
51 61
51 64
51 67
51 73
51 74
51 75
51 77
51 81
51 85
51 90
51 91
51 92
51 93
51 96
51 97
51 98
51 100
51 103
51 107
51 108
51 110
51 113
51 120
51 121
51 122
51 127
51 128
51 133
51 134
51 137
52 56
52 59
52 64
52 65
52 66
52 67
52 68
52 70
52 71
52 73
52 74
52 79
52 81
52 84
52 85
52 88
52 89
52 91
52 95
52 96
52 102
52 104
52 106
52 113
52 116
52 117
52 118
52 119
52 122
52 123
52 124
52 125
52 128
52 129
52 130
52 131
52 132
52 133
52 135
52 136
52 137
52 138
52 139
53 56
53 58
53 59
53 60
53 62
53 63
53 65
53 66
53 75
53 77
53 80
53 88
53 89
53 90
53 97
53 99
53 102
53 108
53 109
53 110
53 113
53 115
53 117
53 120
53 125
53 127
53 128
53 132
53 133
53 134
53 135
53 137
53 138
53 139
53 140
54 55
54 56
54 61
54 62
54 63
54 64
54 70
54 72
54 73
54 75
54 76
54 79
54 81
54 82
54 83
54 84
54 85
54 89
54 90
54 97
54 98
54 102
54 104
54 105
54 108
54 109
54 111
54 112
54 113
54 114
54 118
54 119
54 120
54 122
54 129
54 130
54 131
54 133
54 134
54 135
54 138
54 139
54 140
55 56
55 58
55 61
55 63
55 64
55 65
55 70
55 72
55 73
55 75
55 76
55 77
55 78
55 79
55 80
55 83
55 84
55 86
55 87
55 88
55 89
55 90
55 91
55 92
55 93
55 95
55 96
55 98
55 103
55 106
55 108
55 109
55 110
55 113
55 114
55 115
55 117
55 119
55 120
55 121
55 123
55 124
55 125
55 128
55 132
55 133
55 135
55 137
55 138
55 139
56 59
56 60
56 61
56 62
56 63
56 68
56 72
56 73
56 75
56 76
56 78
56 79
56 80
56 84
56 86
56 87
56 91
56 97
56 99
56 100
56 101
56 104
56 106
56 107
56 109
56 111
56 112
56 113
56 114
56 115
56 120
56 121
56 125
56 127
56 128
56 129
56 130
56 131
56 132
56 133
56 135
56 137
56 139
56 140
57 58
57 59
57 61
57 62
57 63
57 64
57 65
57 66
57 69
57 75
57 77
57 79
57 85
57 86
57 90
57 92
57 93
57 95
57 97
57 98
57 100
57 101
57 106
57 107
57 109
57 115
57 116
57 118
57 120
57 122
57 124
57 126
57 127
57 128
57 129
57 132
57 133
57 135
57 138
58 59
58 64
58 66
58 67
58 70
58 73
58 75
58 78
58 80
58 83
58 84
58 87
58 90
58 91
58 92
58 94
58 97
58 102
58 104
58 105
58 106
58 107
58 109
58 110
58 111
58 113
58 114
58 118
58 124
58 125
58 126
58 127
58 131
58 132
58 134
58 136
58 137
58 138
58 140
59 60
59 63
59 69
59 72
59 75
59 79
59 80
59 81
59 85
59 86
59 89
59 90
59 91
59 94
59 96
59 98
59 99
59 102
59 103
59 105
59 106
59 108
59 110
59 115
59 117
59 119
59 121
59 123
59 124
59 126
59 128
59 129
59 130
59 131
59 132
59 134
59 135
59 137
60 63
60 64
60 65
60 68
60 69
60 70
60 71
60 73
60 76
60 77
60 78
60 81
60 85
60 86
60 87
60 89
60 90
60 91
60 93
60 96
60 99
60 100
60 101
60 102
60 105
60 107
60 110
60 113
60 115
60 118
60 121
60 122
60 123
60 125
60 126
60 131
60 134
60 135
60 138
61 63
61 69
61 70
61 71
61 72
61 77
61 78
61 80
61 83
61 85
61 91
61 92
61 93
61 94
61 95
61 97
61 100
61 103
61 106
61 107
61 109
61 110
61 111
61 113
61 123
61 126
61 127
61 128
61 130
61 131
61 132
61 134
61 136
61 137
61 139
62 64
62 65
62 66
62 68
62 71
62 72
62 75
62 76
62 77
62 79
62 81
62 82
62 83
62 90
62 91
62 94
62 95
62 97
62 98
62 99
62 100
62 102
62 103
62 108
62 120
62 122
62 125
62 128
62 130
62 131
62 133
62 135
62 136
62 137
62 138
62 139
62 140
63 64
63 67
63 68
63 69
63 72
63 73
63 75
63 78
63 80
63 81
63 82
63 87
63 91
63 92
63 94
63 95
63 96
63 98
63 100
63 101
63 103
63 104
63 108
63 110
63 111
63 113
63 116
63 120
63 121
63 124
63 129
63 131
63 132
63 136
63 139
63 140
64 70
64 71
64 79
64 82
64 86
64 91
64 97
64 99
64 102
64 105
64 106
64 108
64 109
64 111
64 113
64 115
64 116
64 117
64 119
64 120
64 121
64 125
64 126
64 129
64 132
64 133
64 134
64 135
64 140
65 66
65 69
65 70
65 72
65 74
65 75
65 76
65 77
65 78
65 81
65 87
65 89
65 91
65 92
65 93
65 94
65 95
65 96
65 99
65 101
65 106
65 107
65 108
65 109
65 110
65 111
65 112
65 114
65 115
65 116
65 118
65 119
65 120
65 122
65 123
65 125
65 126
65 128
65 129
65 132
65 133
65 134
65 138
66 68
66 70
66 73
66 75
66 80
66 82
66 83
66 84
66 87
66 90
66 94
66 96
66 101
66 105
66 109
66 110
66 111
66 112
66 113
66 116
66 117
66 118
66 120
66 122
66 123
66 124
66 125
66 127
66 128
66 129
66 134
66 135
66 137
66 140
67 68
67 69
67 70
67 71
67 72
67 76
67 77
67 78
67 81
67 86
67 87
67 88
67 89
67 90
67 92
67 93
67 95
67 98
67 99
67 102
67 105
67 106
67 109
67 110
67 112
67 117
67 118
67 119
67 120
67 126
67 130
67 131
67 133
67 135
67 136
67 137
67 138
67 139
68 69
68 74
68 75
68 79
68 80
68 81
68 83
68 84
68 85
68 86
68 87
68 89
68 90
68 92
68 93
68 94
68 96
68 100
68 101
68 103
68 104
68 108
68 115
68 120
68 122
68 126
68 128
68 129
68 130
68 133
68 136
68 139
69 70
69 73
69 76
69 77
69 82
69 83
69 84
69 85
69 86
69 87
69 90
69 91
69 95
69 99
69 100
69 102
69 104
69 105
69 108
69 109
69 111
69 114
69 116
69 120
69 121
69 122
69 124
69 125
69 126
69 129
69 132
69 133
69 134
69 139
69 140
70 71
70 73
70 74
70 75
70 77
70 80
70 82
70 83
70 87
70 90
70 91
70 95
70 96
70 97
70 98
70 99
70 100
70 109
70 110
70 112
70 113
70 118
70 121
70 123
70 124
70 127
70 128
70 131
70 132
70 136
70 137
70 138
70 139
71 74
71 75
71 78
71 79
71 80
71 81
71 84
71 85
71 87
71 88
71 92
71 93
71 94
71 95
71 96
71 101
71 102
71 103
71 105
71 106
71 108
71 111
71 112
71 113
71 114
71 115
71 116
71 119
71 120
71 122
71 125
71 127
71 128
71 130
71 131
71 132
71 136
71 137
71 138
71 139
71 140
72 78
72 79
72 81
72 86
72 87
72 89
72 91
72 98
72 101
72 105
72 106
72 107
72 109
72 110
72 113
72 117
72 119
72 120
72 121
72 124
72 126
72 128
72 132
72 133
72 137
72 138
72 140
73 74
73 76
73 77
73 78
73 79
73 80
73 82
73 84
73 85
73 94
73 95
73 98
73 99
73 101
73 102
73 103
73 104
73 106
73 107
73 109
73 113
73 117
73 118
73 119
73 120
73 121
73 122
73 123
73 125
73 127
73 128
73 130
73 131
73 132
73 133
73 135
73 136
73 137
73 140
74 75
74 77
74 78
74 80
74 81
74 84
74 87
74 95
74 96
74 97
74 98
74 101
74 103
74 107
74 110
74 111
74 115
74 117
74 119
74 124
74 125
74 127
74 129
74 131
74 132
74 134
74 138
75 80
75 84
75 86
75 87
75 90
75 91
75 96
75 97
75 104
75 107
75 110
75 113
75 115
75 116
75 117
75 118
75 119
75 123
75 124
75 125
75 128
75 129
75 132
75 138
75 140
76 77
76 81
76 82
76 84
76 87
76 88
76 94
76 95
76 96
76 99
76 101
76 102
76 106
76 107
76 108
76 109
76 110
76 113
76 114
76 115
76 117
76 120
76 121
76 125
76 126
76 127
76 129
76 132
76 134
76 135
76 139
76 140
77 79
77 82
77 83
77 84
77 85
77 86
77 91
77 92
77 96
77 99
77 102
77 104
77 106
77 107
77 109
77 112
77 113
77 115
77 116
77 119
77 122
77 124
77 129
77 131
77 137
77 138
77 139
78 79
78 80
78 81
78 82
78 84
78 85
78 88
78 92
78 93
78 94
78 95
78 97
78 99
78 100
78 101
78 102
78 104
78 106
78 107
78 109
78 110
78 111
78 114
78 115
78 116
78 117
78 119
78 120
78 122
78 123
78 124
78 128
78 130
78 131
78 137
78 138
79 80
79 81
79 87
79 92
79 95
79 98
79 99
79 100
79 108
79 115
79 117
79 118
79 119
79 121
79 122
79 125
79 128
79 130
79 132
79 133
79 134
79 135
79 136
79 137
79 139
79 140
80 85
80 87
80 88
80 90
80 91
80 92
80 95
80 97
80 99
80 101
80 103
80 105
80 107
80 108
80 109
80 112
80 113
80 116
80 119
80 121
80 122
80 124
80 126
80 127
80 131
80 133
80 134
80 138
80 139
80 140
81 83
81 85
81 87
81 88
81 96
81 98
81 101
81 104
81 112
81 116
81 123
81 125
81 128
81 129
81 130
81 132
81 133
81 134
81 137
81 138
81 139
82 84
82 85
82 87
82 89
82 91
82 92
82 93
82 95
82 96
82 97
82 99
82 101
82 102
82 103
82 104
82 105
82 106
82 108
82 109
82 111
82 112
82 113
82 114
82 119
82 121
82 122
82 125
82 126
82 133
82 135
82 136
82 137
82 139
82 140
83 84
83 85
83 86
83 87
83 88
83 89
83 91
83 92
83 95
83 96
83 98
83 101
83 102
83 103
83 105
83 106
83 107
83 108
83 111
83 112
83 115
83 118
83 119
83 123
83 124
83 126
83 127
83 132
83 133
83 134
83 135
83 136
83 138
83 139
84 85
84 86
84 90
84 91
84 94
84 96
84 98
84 100
84 101
84 104
84 105
84 110
84 111
84 112
84 113
84 117
84 120
84 121
84 122
84 123
84 125
84 126
84 127
84 131
84 132
84 134
84 135
84 136
84 137
84 138
84 139
84 140
85 87
85 88
85 89
85 91
85 92
85 93
85 94
85 97
85 98
85 99
85 100
85 102
85 103
85 105
85 107
85 110
85 111
85 113
85 115
85 117
85 118
85 119
85 120
85 121
85 122
85 124
85 125
85 126
85 131
85 132
85 133
85 135
85 136
85 137
85 138
85 140
86 89
86 92
86 93
86 95
86 96
86 98
86 99
86 100
86 101
86 102
86 103
86 106
86 108
86 109
86 110
86 112
86 114
86 115
86 116
86 118
86 124
86 125
86 126
86 129
86 130
86 133
86 134
86 138
87 93
87 94
87 95
87 96
87 97
87 102
87 103
87 104
87 105
87 106
87 107
87 108
87 109
87 110
87 111
87 112
87 119
87 121
87 122
87 124
87 125
87 130
87 132
87 134
87 136
87 139
87 140
88 89
88 92
88 93
88 98
88 100
88 103
88 104
88 106
88 107
88 113
88 116
88 119
88 120
88 128
88 131
88 133
88 136
88 137
88 140
89 90
89 91
89 93
89 95
89 97
89 101
89 102
89 104
89 105
89 106
89 107
89 110
89 115
89 116
89 120
89 121
89 122
89 126
89 127
89 130
89 132
89 134
89 135
89 136
89 137
90 100
90 101
90 102
90 104
90 105
90 107
90 108
90 109
90 111
90 112
90 114
90 115
90 120
90 121
90 123
90 124
90 125
90 129
90 132
90 133
90 134
91 92
91 94
91 95
91 96
91 99
91 100
91 102
91 103
91 105
91 106
91 107
91 109
91 110
91 111
91 112
91 115
91 116
91 118
91 122
91 123
91 124
91 125
91 131
91 136
91 138
91 139
92 93
92 95
92 96
92 102
92 104
92 108
92 110
92 113
92 115
92 118
92 123
92 125
92 126
92 127
92 128
92 135
92 136
92 138
92 139
93 95
93 96
93 97
93 98
93 99
93 101
93 103
93 104
93 105
93 107
93 108
93 111
93 112
93 116
93 117
93 119
93 120
93 122
93 125
93 127
93 129
93 130
93 132
93 133
93 134
93 136
93 137
93 139
93 140
94 95
94 98
94 101
94 105
94 106
94 107
94 108
94 109
94 113
94 114
94 115
94 116
94 117
94 118
94 119
94 122
94 129
94 130
94 131
94 133
94 135
94 137
94 140
95 96
95 97
95 98
95 99
95 106
95 107
95 109
95 115
95 116
95 118
95 120
95 122
95 124
95 125
95 126
95 127
95 128
95 129
95 131
95 135
95 137
95 140
96 97
96 98
96 100
96 103
96 104
96 106
96 107
96 108
96 109
96 111
96 112
96 113
96 115
96 118
96 121
96 122
96 123
96 125
96 127
96 128
96 129
96 131
96 132
96 134
96 135
96 136
96 137
96 140
97 100
97 101
97 102
97 107
97 116
97 117
97 118
97 119
97 122
97 123
97 125
97 126
97 127
97 128
97 130
97 131
97 134
97 135
97 136
97 137
98 99
98 102
98 103
98 104
98 106
98 107
98 108
98 109
98 110
98 115
98 116
98 117
98 118
98 121
98 122
98 123
98 125
98 127
98 128
98 129
98 131
98 135
98 136
98 138
98 139
98 140
99 100
99 102
99 103
99 104
99 105
99 107
99 109
99 113
99 114
99 115
99 118
99 120
99 121
99 123
99 124
99 128
99 132
99 134
99 135
99 136
99 138
99 140
100 105
100 106
100 110
100 119
100 120
100 121
100 122
100 126
100 130
100 132
100 133
100 134
100 135
100 136
100 137
100 138
100 139
101 102
101 104
101 108
101 110
101 111
101 112
101 113
101 114
101 115
101 116
101 119
101 120
101 121
101 123
101 125
101 126
101 127
101 131
101 132
101 133
101 135
101 136
101 137
101 138
101 139
101 140
102 103
102 104
102 106
102 107
102 108
102 109
102 113
102 114
102 117
102 120
102 121
102 122
102 123
102 124
102 126
102 128
102 129
102 130
102 132
102 134
102 135
102 138
102 139
102 140
103 105
103 113
103 114
103 118
103 120
103 122
103 124
103 125
103 134
103 135
103 137
104 105
104 106
104 108
104 109
104 110
104 114
104 115
104 116
104 117
104 119
104 122
104 123
104 125
104 126
104 129
104 131
104 133
104 135
104 136
104 138
104 140
105 106
105 107
105 112
105 114
105 118
105 119
105 121
105 122
105 130
105 131
105 133
105 136
105 137
105 138
105 140
106 112
106 113
106 115
106 116
106 118
106 121
106 124
106 129
106 132
106 138
106 140
107 108
107 112
107 114
107 115
107 118
107 119
107 124
107 125
107 126
107 128
107 130
107 131
107 133
107 135
107 136
107 137
107 138
107 139
108 110
108 113
108 114
108 116
108 118
108 119
108 120
108 122
108 123
108 124
108 129
108 130
108 132
108 134
108 135
108 137
108 139
109 110
109 111
109 115
109 117
109 120
109 121
109 125
109 129
109 130
109 131
109 132
109 133
109 134
109 135
109 136
109 137
109 138
109 139
110 112
110 114
110 115
110 117
110 119
110 123
110 124
110 125
110 126
110 127
110 128
110 130
110 131
110 132
110 133
110 136
110 138
110 140
111 112
111 116
111 117
111 122
111 124
111 125
111 126
111 130
111 131
111 134
111 137
111 138
111 140
112 113
112 114
112 115
112 120
112 122
112 123
112 126
112 127
112 134
112 135
112 136
112 137
112 139
113 115
113 116
113 123
113 125
113 126
113 127
113 129
113 130
113 131
113 132
113 134
113 136
113 137
113 138
113 139
114 117
114 119
114 121
114 127
114 132
114 133
114 134
114 136
114 140
115 116
115 117
115 119
115 120
115 121
115 124
115 127
115 133
115 134
115 135
115 136
115 140
116 117
116 119
116 120
116 121
116 122
116 124
116 125
116 126
116 128
116 129
116 130
116 132
116 135
116 136
116 137
116 138
116 139
117 120
117 121
117 123
117 125
117 128
117 129
117 132
117 138
117 140
118 119
118 120
118 121
118 122
118 124
118 125
118 127
118 128
118 132
118 133
118 134
118 135
118 139
119 121
119 122
119 124
119 125
119 128
119 133
119 139
119 140
120 123
120 124
120 126
120 127
120 129
120 130
120 131
120 133
120 139
121 123
121 124
121 125
121 127
121 128
121 129
121 130
121 131
121 134
121 136
121 137
121 140
122 125
122 126
122 128
122 129
122 130
122 131
122 132
122 135
122 138
122 139
122 140
123 124
123 126
123 127
123 130
123 131
123 135
123 137
123 138
123 140
124 131
124 132
124 133
124 134
124 137
124 138
124 139
125 126
125 129
125 130
125 132
125 133
125 134
125 136
126 131
126 132
126 135
126 138
127 128
127 129
127 132
127 133
127 134
127 135
127 136
127 137
127 138
127 139
128 129
128 132
128 133
128 134
128 135
128 137
128 138
128 139
128 140
129 132
129 133
129 134
129 138
129 139
129 140
130 134
130 138
130 139
130 140
131 132
131 133
131 134
131 136
131 137
131 138
131 140
132 135
132 137
132 138
132 139
133 134
133 136
134 137
134 138
134 139
135 136
136 138
136 139
136 140
138 139